
  32    4
  10   10   10   10

   0   0   0   0   0   1 2 
  10   0   1   1   1   2 5 3 
   5   1   3   0   4   1 4 
   9   4   5   3   0   3 9 8 6 
   6   0   4   5   3   2 14 7 
   7   4   4   3   0   1 7 
   9   0   8   4   6   3 13 12 10 
   4   5   4   0   4   3 13 12 11 
   7   5   1   5   0   4 17 16 14 12 
  10   0   7   3   3   2 16 11 
   4   4   0   2   4   3 19 18 15 
   3   0   6   7   3   4 23 20 19 18 
   2   0   1   6   3   3 23 19 18 
   7   4   5   7   0   3 20 19 18 
   2   2   0   4   5   2 23 17 
  10   0   4   6   7   3 23 21 20 
   1   3   0   2   6   2 21 20 
   5   4   3   3   0   3 31 22 21 
   8   5   0   5   5   2 22 21 
   5   5   2   5   0   3 31 25 22 
   2   3   0   5   2   3 28 25 24 
   6   4   3   0   4   2 30 24 
   9   5   0   8   4   2 30 24 
   2   3   2   3   0   1 26 
   7   0   6   1   4   2 30 29 
   8   0   5   2   3   1 27 
   3   0   5   2   4   1 29 
   9   5   0   4   3   1 30 
   3   3   2   4   0   1 32
   7   8   5   0   6   1 32
   7   3   6   4   0   1 32
   0   0   0   0   0   0 
