
  32    4
  10   10   10   10

   0   0   0   0   0   2 2 31 
   3   1   0   1   1   1 3 
   8   0   1   7   6   1 4 
   7   6   4   0   4   1 5 
  10   1   0   5   3   1 6 
  10   2   4   0   4   1 7 
  10   4   0   3   5   2 30 8 
   7   3   6   2   0   1 9 
   7   0   6   5   4   1 10 
   3   5   1   5   0   1 11 
   1   2   3   4   0   1 12 
  10   5   6   7   0   1 13 
   4   0   3   5   4   1 14 
   7   3   4   9   0   1 15 
  10   3   7   3   0   1 16 
   3   4   4   0   4   1 17 
   2   5   3   0   4   2 29 18 
  10   0   2   5   1   1 19 
   8   6   3   0   4   1 20 
   2   0   1   3   4   1 21 
   5   6   4   2   0   1 22 
   5   3   0   5   3   1 23 
   8   0   2   2   6   1 24 
   1   3   6   0   5   1 25 
   7   5   0   2   3   1 26 
   7   0   6   4   5   1 27 
   8   8   4   2   0   1 28 
   1   0   6   4   5   1 32
   6   4   4   0   4   1 32
   3   4   8   3   0   1 32
   4   5   2   0   5   1 32
   0   0   0   0   0   0 
