
  32    4
  10   10   10   10

   0   0   0   0   0   3 2 30 31 
   6   1   0   1   1   2 29 3 
  10   1   1   3   0   1 4 
   2   5   4   3   0   2 28 5 
  10   0   4   1   3   2 27 6 
   5   0   7   5   4   1 7 
  10   4   0   1   3   2 26 8 
   9   0   5   2   2   2 25 9 
   9   6   2   0   7   1 10 
   4   6   4   9   0   1 11 
   6   4   0   5   5   1 12 
   3   6   0   4   7   3 24 23 13 
   3   3   3   0   3   3 22 21 14 
   3   6   0   3   3   1 15 
   4   5   0   3   6   2 20 16 
   1   4   5   0   3   1 17 
  10   5   0   4   4   1 18 
   5   0   3   6   4   1 19 
   1   2   1   4   0   1 32
   5   4   0   6   4   1 32
   4   4   2   5   0   1 32
   8   3   5   0   6   1 32
   5   1   5   5   0   1 32
   9   3   0   4   6   1 32
   1   5   2   5   0   1 32
   3   0   5   3   6   1 32
   2   3   5   0   2   1 32
   1   0   7   6   2   1 32
   3   4   3   4   0   1 32
  10   5   3   0   5   1 32
   9   6   8   0   2   1 32
   0   0   0   0   0   0 
