
  32    4
  10   10   10   10

   0   0   0   0   0  10 2 3 5 6 7 10 12 13 14 18 
   5   0   1   1   1   3 15 9 8 
   2   1   0   4   3   2 15 4 
   7   5   0   3   5   2 20 9 
   7   2   4   2   0   3 21 20 11 
   6   3   0   5   2   3 24 21 11 
  10   2   2   0   3   3 24 21 11 
   3   2   0   1   2   2 20 11 
   4   3   3   4   0   2 21 11 
   8   0   3   1   3   2 21 11 
   5   3   0   3   4   3 26 23 16 
   4   0   3   4   2   2 26 16 
   1   3   3   0   3   2 26 16 
   4   0   3   4   2   4 26 24 21 19 
   9   3   3   0   3   1 16 
   8   0   4   4   3   2 19 17 
  10   3   0   2   6   3 31 30 22 
   1   5   4   2   0   2 30 20 
   1   4   2   0   5   4 30 29 28 25 
   4   2   0   2   3   3 29 28 24 
   5   0   3   5   4   1 22 
  10   2   4   0   2   3 29 28 25 
   1   4   2   3   0   2 31 27 
   6   2   4   0   1   1 25 
   9   0   3   2   3   1 27 
  10   3   0   1   2   1 30 
   9   6   1   0   5   1 32
   9   2   6   0   2   1 32
   9   3   4   5   0   1 32
   8   3   3   2   0   1 32
   1   3   1   6   0   1 32
   0   0   0   0   0   0 
