
  32    4
  10   10   10   10

   0   0   0   0   0   3 2 3 5 
   4   1   1   1   0   2 9 6 
   7   0   4   7   1   1 4 
   6   0   3   1   6   2 11 7 
  10   3   6   0   4   2 10 8 
   9   2   5   0   6   3 14 11 10 
  10   0   4   3   8   3 17 14 10 
   7   5   0   3   4   2 14 9 
  10   0   2   4   4   4 17 16 15 12 
   4   4   5   3   0   3 16 15 12 
   2   5   0   6   3   3 17 15 12 
  10   0   6   4   7   1 13 
   8   2   0   6   5   5 28 24 23 22 18 
   9   4   4   0   4   5 28 26 22 20 19 
   7   0   6   2   2   5 26 24 22 21 19 
   6   6   2   0   5   4 26 24 23 20 
   6   3   4   5   0   3 28 22 21 
  10   4   3   4   0   1 20 
   4   4   3   5   0   2 25 23 
   1   1   8   2   0   1 21 
   9   3   3   4   0   2 31 25 
   2   0   4   6   2   2 31 25 
   9   5   6   0   3   2 31 27 
   7   8   0   3   3   2 31 27 
   6   0   7   5   2   1 27 
  10   3   4   0   4   1 27 
   7   4   1   0   5   2 30 29 
   5   4   3   0   5   2 30 29 
   4   6   2   0   3   1 32
   6   6   0   4   2   1 32
   2   5   4   6   0   1 32
   0   0   0   0   0   0 
