
  32    4
  10   10   10   10

   0   0   0   0   0  19 2 3 4 6 7 8 9 10 11 13 14 24 25 26 27 28 29 30 31 
   5   0   1   1   1   2 15 5 
   6   1   0   4   6   4 20 18 17 15 
   3   0   4   5   6   1 5 
   1   0   5   4   4   3 19 18 16 
   8   0   2   2   4   3 23 17 15 
   8   5   3   0   4   3 22 16 15 
   8   2   1   0   2   2 21 17 
   4   0   4   4   4   2 20 15 
   9   3   0   8   5   2 17 15 
   3   4   7   4   0   1 12 
   1  10   0   4   4   1 16 
  10   3   3   3   0   1 16 
   8   2   8   0   6   1 15 
   4   4   4   0   7   1 32
   4   2   5   4   0   1 32
   5   4   0   2   2   1 32
   3   7   8   0   5   1 32
   7   2   0   1   1   1 32
   4   0   7   3   4   1 32
   6   1   2   0   2   1 32
   3   4   0   4   2   1 32
   9   0   5   3   3   1 32
   9   0   3   8   4   1 32
   1   5   5   0   4   1 32
   8   4   0   4   4   1 32
   9   3   2   7   0   1 32
   3   6   0   4   6   1 32
   6   6   1   2   0   1 32
   2   0   3   7   5   1 32
  10   6   5   0   5   1 32
   0   0   0   0   0   0 
