
  32    4
  10   10   10   10

   0   0   0   0   0   7 2 8 12 15 29 30 31 
   4   1   1   1   0   2 28 3 
   5   3   5   0   1   4 26 23 22 4 
   7   6   3   3   0   3 25 24 5 
   4   0   2   5   4   2 21 6 
   9   2   4   4   0   3 20 18 7 
   4   2   0   2   5   2 19 9 
   5   7   3   0   5   4 27 23 17 13 
  10   6   0   3   6   1 10 
   5   4   6   0   3   2 17 11 
   3   3   2   0   3   1 13 
   9   2   0   2   7   2 22 16 
   1   8   4   0   3   1 14 
   7   4   4   0   5   1 16 
   1   3   0   1   5   1 18 
   1   2   0   5   5   1 32
  10   3   0   4   1   1 32
   8   8   5   0   3   1 32
   2   7   0   5   4   1 32
   5   5   6   0   6   1 32
   7   0   4   8   5   1 32
   8   0   4   3   2   1 32
   2   3   3   2   0   1 32
   4   2   5   0   3   1 32
   7   5   6   4   0   1 32
   1   4   4   0   9   1 32
   8   0   7   5   2   1 32
   2   2   6   0   4   1 32
   5   4   2   7   0   1 32
   7   0   2   7   1   1 32
   9   0   4   5   4   1 32
   0   0   0   0   0   0 
