
  32    4
  10   10   10   10

   0   0   0   0   0   3 2 5 11 
   5   1   1   1   0   2 7 3 
   3   3   7   3   0   1 4 
   6   2   0   6   1   3 12 8 6 
   5   5  10   7   0   2 7 6 
  10   2   0   3   5   2 13 9 
  10   0   4   2   4   2 13 9 
  10   3   2   0   3   1 9 
   1   6   6   2   0   1 10 
   3   0   2   5   2   2 16 14 
   7   0   4   1   3   2 16 14 
   5   4   2   3   0   2 16 15 
   3   6   4   5   0   1 14 
   7   3   0   5   6   1 15 
   1   0   3   3   3   2 20 17 
   9   0   5   4   4   1 17 
   6   6   6   2   0   1 18 
   7   7   0   7   2   1 19 
   4   6   5   5   0   1 21 
   1   3   5   4   0   1 21 
   4   5   2   6   0   2 26 22 
   8   0   2   3   6   1 23 
   9   4   4   8   0   1 24 
   9   0   2   5   5   1 25 
  10   6   1   4   0   1 27 
   3   2   7   3   0   1 27 
   4   3   0   2   3   1 28 
   2   4   4   6   0   1 29 
   9   3   4   0   5   1 30 
   6   4   4   0   5   1 31 
   1   0   4   3   7   1 32
   0   0   0   0   0   0 
