
  32    4
  10   10   10   10

   0   0   0   0   0   4 2 7 30 31 
   7   0   1   1   1   3 16 14 3 
   1   1   5   4   0   2 19 4 
   2   0   4   3   5   1 5 
   8   0   4   8   5   3 11 9 6 
   9   2   2   0   3   3 29 28 8 
   4   3   0   3   3   4 28 27 14 13 
   4   6   3   0   6   1 10 
   6   3   6   0   2   5 29 28 27 26 15 
   6   5   2   0   4   2 27 12 
   3   2   2   0   3   3 28 26 15 
  10   3   5   0  10   1 13 
   6   5   0   8   2   2 26 15 
   1   4   2   0   2   1 15 
   5   5   5   7   0   3 25 24 17 
   2   7   7   0   6   2 20 19 
   7   7   3   0   3   1 18 
   8   6   5   5   0   2 23 20 
  10   4   5   2   0   2 29 21 
  10   3   4   0   4   1 21 
   2   5   0   1   3   1 22 
   4   3   6   3   0   1 32
   9   1   6   0   4   1 32
   4   2   3   3   0   1 32
   4   0   7   4   3   1 32
   7   3   0   5   6   1 32
   4   6   2   0   3   1 32
   8   0   3   2   5   1 32
   5   3   0   4   5   1 32
   6   4   6   4   0   1 32
  10   7   2   5   0   1 32
   0   0   0   0   0   0 
