
  32    4
  10   10   10   10

   0   0   0   0   0  20 2 7 14 15 16 17 18 19 20 21 22 23 24 25 26 27 28 29 30 31 
   4   1   1   1   0   5 13 12 11 10 3 
  10   4   4   0   1   1 4 
   5   0   5   6   6   1 5 
   8   4   0   2   2   1 6 
   9   6   8   6   0   1 8 
   4   3   0   6   3   1 9 
   7   0   6   2   4   1 32
   3   6   0   3   3   1 32
   2   4   5   0   3   1 32
  10   0   5   4   3   1 32
   9   0   6   4   6   1 32
   4   0   4   4   2   1 32
   7   4   2   0   7   1 32
   1   5   1   0   4   1 32
   4   0   7   3   3   1 32
   7   3   0   4   3   1 32
   1   0   4   5   3   1 32
  10   4   0   1   5   1 32
   3   4   2   7   0   1 32
   1   3   0   3   6   1 32
   6   5   3   0   2   1 32
   1   4   3   0   8   1 32
   8   4   0   7   2   1 32
   5   5   2   0   3   1 32
   4   4   8   0   3   1 32
   6   6   2   4   0   1 32
  10   2   3   3   0   1 32
   6   6   0   3   7   1 32
   5   2   3   0   6   1 32
   8   3   0   6   5   1 32
   0   0   0   0   0   0 
