
  32    4
  10   10   10   10

   0   0   0   0   0   8 2 25 26 27 28 29 30 31 
   5   2   1   1   0   3 24 23 3 
  10   4   2   3   0   2 22 4 
   7   0   8   3   1   1 5 
   2   1   9   0   8   1 6 
   5   4   4   5   0   2 21 7 
   6   3   4   0   1   1 8 
   9   8   4   0   6   2 20 9 
   8   2   0   2   3   1 10 
  10   9   2   0   4   1 11 
  10   6   3   0   2   1 12 
   6   3   0   3   7   1 13 
   1   3   0   4   3   1 14 
   6   3   2   3   0   1 15 
   5   4   9   0   6   1 16 
   6   4   4   0   6   1 17 
   6   3   0   3   3   1 18 
   2   5   3   5   0   1 19 
   7   6   4   3   0   1 32
   5   4   0   3   4   1 32
   4   4   5   0   5   1 32
   4   0   5   3   3   1 32
   6   3   6   0   6   1 32
   8   0   4   5   2   1 32
   9   3   0   4   6   1 32
   3   1   0   8   2   1 32
   1   3   2   0   5   1 32
   3  10   0   6   4   1 32
   1   0   2   7   4   1 32
   9   0   1   7   1   1 32
   9   2   4   2   0   1 32
   0   0   0   0   0   0 
