
  32    4
  10   10   10   10

   0   0   0   0   0   1 2 
   5   1   0   1   1   2 8 3 
   8   0   1   4   3   3 31 14 4 
   2   0   4   5   2   1 5 
   8   6   0   3   2   1 6 
   8   4   0   4   5   2 30 7 
   3   0   2   3   3   2 19 9 
   9   0   4   2   4   1 9 
   3   8   0   5   5   1 10 
  10   0   3   6   5   1 11 
   6   3   3   0   7   3 29 28 12 
   8   6   5   6   0   1 13 
   6   4   0   4   3   1 15 
   4   0   3   3   5   2 30 17 
   6   1   0   5   6   1 16 
   5   5   4   0   4   1 17 
   6   7   6   4   0   3 27 26 18 
   7   3   4   4   0   1 20 
   9   1   1   8   0   1 20 
   5   4   4   0   5   1 21 
   5   4   6   2   0   1 22 
   5   3   4   0   2   1 23 
   2   0   2   4   3   1 24 
   9   5   0   6   6   1 25 
   2   4   6   0   8   1 32
   1   4   6   0   2   1 32
   8   3   0   2   5   1 32
   6   4   5   0   5   1 32
   9   3   5   0   2   1 32
   6   5   0   4   4   1 32
   7   0   6   3   3   1 32
   0   0   0   0   0   0 
