
  32    4
  10   10   10   10

   0   0   0   0   0   7 2 3 4 5 10 11 14 
   8   1   0   1   1   4 16 12 9 6 
   4   4   1   7   0   8 31 30 23 21 18 17 16 15 
   3   4   0   3   4   5 23 18 15 12 8 
   5   0   2   4   3   3 17 15 7 
   6   4   4   0   2   7 31 30 23 21 20 17 13 
   6   5   9   0   5   8 31 30 29 24 23 21 20 18 
   1   4   6   0   5   7 30 29 28 24 21 20 19 
   1   4   5  10   0   5 31 30 20 19 17 
   3   0   2   3   3   4 31 30 23 18 
   1   2   0   7   1   4 23 22 20 17 
  10   0   4   3   3   4 31 30 24 19 
   3   4   5   0   6   3 24 19 18 
   8   5   4   0   4   3 24 23 18 
   8   0   3   4   4   3 28 24 19 
   2   4   0   3   9   3 29 20 19 
   7   5   7   6   0   5 29 28 27 26 25 
   5   4   0   4   3   3 28 25 22 
   4   7   0   1   6   2 25 22 
  10   2   1   4   0   3 27 26 25 
   2   2   3   5   0   3 27 26 25 
   6   7   4   2   0   2 27 26 
   7   3   0   3   4   2 26 25 
   7   2   0   2   3   1 25 
   2   3   3   0   5   1 32
   5   0   3   2   4   1 32
   7   3   0   4   5   1 32
  10   4   0   4   7   1 32
   4   0   4   6   3   1 32
   3   4   6   0   5   1 32
   1   9   4   0   1   1 32
   0   0   0   0   0   0 
