
  32    4
  10   10   10   10

   0   0   0   0   0   3 2 13 18 
  10   0   1   1   1   1 3 
   6   1   4   0   3   2 22 4 
   4   3   0   3   5   1 5 
   7   4   2   0   3   3 31 10 6 
   1   7   9   1   0   1 7 
  10   1   4   1   0   3 27 12 8 
   8   3   7   0   5   2 14 9 
   8   6   0   8   5   3 20 17 11 
   2   5   2   0   6   3 30 17 15 
   8   0   6   2   6   2 30 15 
   7   3   3   0   5   2 17 14 
   7   4   5   0   4   2 30 14 
   9   0   8   3   4   2 20 19 
   5   5   3   3   0   1 16 
   4   7   0   5   4   1 19 
   3   0   6   2   4   1 19 
   6   4   4   0   2   1 19 
  10   6   2   0   4   1 21 
   2   5   0   4   2   1 21 
   6   1   3   4   0   1 23 
   2   3   0   3   3   1 23 
   5   0   3   7   8   1 24 
   2   2   2   7   0   1 25 
   1   0   5   4   3   2 29 26 
   7   6   0   7   3   1 28 
   7   4   2   0   2   1 28 
   8   4   0   7   5   1 32
   3   0   2   4   4   1 32
   2   0   5   5   4   1 32
   3   4   0   3   5   1 32
   0   0   0   0   0   0 
