
  32    4
  10   10   10   10

   0   0   0   0   0   6 2 3 4 7 9 19 
  10   0   1   1   1   5 14 13 12 6 5 
   3   1   6   0   6   5 18 16 14 10 8 
   4   5   5   5   0   3 18 12 8 
   1   0   6   5   2   5 31 30 18 16 10 
   3   3   3   3   0   5 31 22 16 11 10 
   1   3   5   4   0   4 30 18 16 14 
   6   0   6   5   5   8 31 30 29 26 22 20 17 15 
   4   2   3   0   3   7 31 30 29 26 17 16 15 
   3   2   0   3   3   5 29 26 20 17 15 
   1   3   4   4   0   7 30 27 26 25 24 21 20 
   5   0   4   4   4   4 31 30 26 16 
   3   3   5   0   6   4 29 26 17 15 
  10   5   7   2   0   3 29 26 15 
   2   4   4   3   0   4 27 25 24 21 
   2   0   3   4   7   3 25 24 20 
   1   4   2   2   0   2 25 21 
   3   5   0   7   4   2 25 22 
   8   8   2   4   0   2 24 21 
   2   6   0   8   4   2 28 23 
   8   0   3   3   7   1 23 
   7   4   0   5   5   1 24 
   8   4   2   0   3   1 32
  10   4   0   3   4   1 32
   6   7   3   0   2   1 32
   9   0   6   7   3   1 32
   8   4   4   5   0   1 32
   4   4   0   1   3   1 32
   4   4   6   0   4   1 32
   8   3   3   4   0   1 32
   8   0   3   4   4   1 32
   0   0   0   0   0   0 
