
  32    4
  10   10   10   10

   0   0   0   0   0   6 2 5 9 12 13 31 
   2   1   1   0   1   1 3 
   9   4   0   1   4   5 29 18 14 11 4 
   5   0   5   4   6   4 26 17 16 6 
   5   6   4   0   4   7 26 25 24 20 18 14 11 
   8   5   0   3   2   2 28 7 
   9   6   0   7   4   3 27 21 8 
  10   4   4   4   0   4 25 24 19 10 
  10   5   0   2   3   2 20 11 
   4   2   3   2   0   2 20 15 
   5   1   6   5   0   2 23 16 
   1   4   0   5   4   2 29 26 
   8   0   4   5   5   2 30 23 
   2   5   0   5   3   1 17 
   6   4   2   3   0   1 22 
   6   3   6   0   3   1 19 
  10   3   2   5   0   1 21 
   1   0   4   4   3   1 23 
   8   0   3   4   5   1 32
   1   6   4   0   3   1 32
  10   4   0   5   6   1 32
   1   8   0   4   5   1 32
   2   2   1   0   4   1 32
   6   0   6   4   2   1 32
   5   5   0   3   7   1 32
  10   5   5   0   5   1 32
   5   2   0   6   3   1 32
   7   5   6   4   0   1 32
   4   2   4   0   3   1 32
   2   4   6   0   6   1 32
   2   0   4   3   5   1 32
   0   0   0   0   0   0 
