
  32    4
  10   10   10   10

   0   0   0   0   0   6 2 8 10 14 30 31 
   5   1   0   1   1   1 3 
   8   2   0   4   2   6 28 27 26 13 9 4 
   9   4   0   5   4   2 24 5 
  10   5   1   0   3   2 25 6 
   6   4   3   4   0   5 23 22 21 20 7 
   3   6   0   7   6   3 17 16 11 
   7   0   8   3   4   1 9 
   7   2   0   1   2   2 19 18 
   2   5   7   0   6   2 19 18 
   5   4   0   4   2   1 12 
   1   5   6   4   0   1 15 
   9   7   1   0   5   1 24 
   8   0   8   6   3   1 29 
   5   0   5   3   2   1 32
   8   2   1   2   0   1 32
   5   0   5   2   8   1 32
   2   0   5   5   3   1 32
   5   3   2   0   3   1 32
   2   5   3   0   3   1 32
   9   0   3   4   9   1 32
  10   3   3   3   0   1 32
   1   0   2   6   2   1 32
   9   0   4   6   4   1 32
   8   6   4   0   4   1 32
   6   3   5   0   3   1 32
  10   2   4   0   4   1 32
   9   7   0   3   6   1 32
   2   6   4   7   0   1 32
   4   2   0   4   6   1 32
  10   4   4   0   5   1 32
   0   0   0   0   0   0 
