
  32    4
  10   10   10   10

   0   0   0   0   0   3 2 9 12 
   3   1   1   0   1   1 3 
   1   0   3   1   3   1 4 
  10   3   2   5   0   1 5 
   5   0   7   7   2   1 6 
   5   4   4   0   2   1 7 
   3   2   0   4   8   1 8 
  10   2   4   2   0   1 10 
   5   3   2   4   0   1 10 
   9   4   6   3   0   1 11 
   6   5   6   5   0   1 13 
   6   3   3   0   1   1 13 
   6   5   0   2   3   2 29 14 
   6   7   2   5   0   1 15 
   7   8   4   0   4   1 16 
   5   5   7   3   0   1 17 
   4   0   2   5   4   1 18 
   2   6   2   3   0   1 19 
   8   0   4   5   3   1 20 
   8   0   5   6   6   1 21 
   7   6   6   4   0   1 22 
   9   1   5   0   6   1 23 
   3   4   0   4   8   1 24 
   4   2   0   2   4   1 25 
   4   4   0   4   3   1 26 
   2   0   3   3   5   1 27 
   8   3   4   4   0   1 28 
   4   0   4   3   6   1 30 
   1   6   0   6   6   1 30 
   8   0   4   7   3   1 31 
  10   0   6   3   2   1 32
   0   0   0   0   0   0 
