
  32    4
  10   10   10   10

   0   0   0   0   0   4 2 13 30 31 
  10   0   1   1   1   3 19 17 3 
   1   1   2   0   2   1 4 
   8   4   3   0   3   1 5 
   9   4   5   0   3   3 12 9 6 
   6   4   4   0   4   4 29 28 27 7 
   8   0   3   4   2   1 8 
   7   6   4   0   5   1 10 
   7   3   0   1   2   3 29 26 14 
   4   2   4   4   0   1 11 
  10   4   0   5   2   2 26 14 
   7   5   0   5   5   5 28 27 25 24 16 
   2   5   2   0   7   5 28 26 24 17 16 
   6   3   4   0   4   3 25 24 15 
   9   0   7   3   3   1 16 
   1   8   5   0   6   2 23 18 
   4   6   0   5   6   2 23 18 
   6   3   0   6   8   1 20 
   9   0   5   7   4   1 21 
   3   0   4   5   3   1 22 
   7   6   0   3   3   1 27 
  10   0   4   5   2   1 32
   6   2   3   0   2   1 32
   8   2   0   4   2   1 32
   6   5   0   3   2   1 32
   9   4   6   6   0   1 32
   2   3   4   4   0   1 32
   2   4   5   2   0   1 32
  10   0   4   3  10   1 32
   2   4   5   0   6   1 32
   5   0   4   4   7   1 32
   0   0   0   0   0   0 
