
  32    4
  10   10   10   10

   0   0   0   0   0  12 2 3 4 5 6 8 12 13 14 29 30 31 
  10   1   0   1   1   8 28 21 20 19 18 15 10 9 
   2   5   1   4   0   6 25 23 22 18 17 7 
   9   4   4   0   1   8 27 26 24 23 22 20 16 9 
   3   4   2   2   0   7 25 24 23 22 19 18 9 
   1   9   0   6   8   4 21 18 16 11 
   5   6   4   1   0   4 20 19 16 15 
   8   0   4   7   7   4 21 20 19 18 
   6   1   2   0   5   1 17 
   3   6   0   4   5   1 16 
   4   3   0   3   8   1 15 
   8   6   0   3   4   1 21 
   8   4   6   0   4   1 17 
   1   3   4   2   0   1 15 
  10   4   2   6   0   1 32
   9   4   0   4   4   1 32
   3   5   7   0   3   1 32
   3   2   5   5   0   1 32
   8   3   7   3   0   1 32
   3   4   4   0   3   1 32
   2   3   2   0   1   1 32
   2   3   1   1   0   1 32
   7   6   3   3   0   1 32
   2   3   0   5   4   1 32
  10   2   6   5   0   1 32
   9   0   5   5   3   1 32
   3   0   4   4   4   1 32
   2   4   0   5   5   1 32
   6   0   4   7   3   1 32
   9   0   6   6   2   1 32
   1   5   5   0   5   1 32
   0   0   0   0   0   0 
