
  32    4
  10   10   10   10

   0   0   0   0   0   8 2 6 7 8 9 12 13 20 
  10   1   0   1   1   3 30 18 3 
   6   7   0   6   6   2 27 4 
   6   0   1   5   4   3 25 11 5 
  10   2   5   0   2   4 28 26 24 10 
   6   2   0   5   4   5 30 25 24 16 15 
   7   5   0   4   4   4 31 25 23 14 
   3   5   3   0   4   4 29 27 24 14 
   7   7   0   5   2   5 28 27 23 21 19 
   2   6   4   0   5   2 22 14 
  10   5   5   5   0   3 24 23 21 
   3   5   3   0   5   3 29 27 22 
   9   4   0   6   2   3 26 23 21 
   7   5   2   0   5   1 15 
   8   4   0   1   5   1 17 
   4   4   7   4   0   1 17 
   2   5   3   4   0   1 21 
   1   2   4   0   6   1 25 
   6   2   3   0   2   1 22 
   5   5   6   6   0   1 26 
   6   6   0   3   5   1 32
   5   3   0   2   2   1 32
   3   2   5   0   3   1 32
   9   0   6   4   2   1 32
   2   6   0   6   2   1 32
   3   4   3   0   8   1 32
   8   3   0   2   8   1 32
   6   2   5   0   5   1 32
   1   1   0   5   4   1 32
   2   5   4   2   0   1 32
   9   0   3   4   4   1 32
   0   0   0   0   0   0 
