
  32    4
  10   10   10   10

   0   0   0   0   0   1 2 
   9   1   1   1   0   1 3 
   1   0   5   2   1   1 4 
   6   0   4   4   4   1 5 
   3   1   4   0   5   1 6 
  10   0   3   6   4   2 31 7 
   7   0   2   4   2   1 8 
   3   2   2   4   0   1 9 
   9   6   0   5   5   1 10 
   5   4   4   3   0   1 11 
  10   5   3   0   4   1 12 
   4   4   1   3   0   2 30 13 
   1   0   5   2   4   1 14 
   3   5   3   0   3   1 15 
   5   6   0   5   3   1 16 
  10   5   0   7   5   2 29 17 
   7   5   3   4   0   1 18 
   1   4   0   6   3   1 19 
  10   4   0   3   4   1 20 
   2   3   0   4   2   1 21 
   8   3   7   0   2   1 22 
   1   0   6   3   9   1 23 
   8   4   4   4   0   1 24 
   4   5   6   0   4   1 25 
  10   6   4   0   4   1 26 
   2   4   3   5   0   1 27 
   1   3   3   0   7   1 28 
   6   0   8   5   6   1 32
   6   6   5   4   0   1 32
   5   2   6   3   0   1 32
   7   4   0   5   3   1 32
   0   0   0   0   0   0 
