
  32    4
  10   10   10   10

   0   0   0   0   0   1 2 
  10   1   1   0   1   2 4 3 
   6   0   3   1   3   3 7 6 5 
   4   7   3   4   0   2 6 5 
   1   3   3   5   0   2 9 8 
   1   5   8   0   7   2 9 8 
   8   0   6   3   2   2 11 9 
   6   2   0   5   4   2 11 10 
   8   0   3   6   3   2 12 10 
   6   4   0   2   2   1 13 
   7   5   3   0   2   1 12 
   7   6   4   6   0   2 16 14 
  10   4   0   3   1   2 16 14 
   6   4   8   2   0   1 15 
   4   3   0   4   3   2 18 17 
   3   4   2   0   4   2 18 17 
   7   4   5   3   0   1 19 
   1   6   0   6   8   1 19 
   3   6   0   6   3   1 20 
   2   3   0   2   3   1 21 
   5   0   2   8   9   1 22 
   9   6   4   3   0   1 23 
  10   0   5   5   4   2 26 24 
   4   1   3   5   0   1 25 
   5   3   2   0   6   1 27 
   1   7   9   1   0   1 27 
   4   4   0   3   4   1 28 
   5   2   3   0   7   1 29 
   4   2   0   6   5   1 30 
   8   4   0   3   5   1 31 
   8   0   3   4   2   1 32
   0   0   0   0   0   0 
