
  32    4
  10   10   10   10

   0   0   0   0   0   1 2 
   6   0   1   1   1   1 3 
   2   1   5   0   5   1 4 
   7   8   7   0   3   1 5 
   7   4   0   9   7   1 6 
   3   1   4   3   0   1 7 
   4   0   3   3   3   2 11 8 
   4   5   3   3   0   2 12 9 
   7   3   0   3   7   2 15 10 
   9   4   0   3   3   2 14 13 
   1   0   2   1   1   2 14 13 
   2   6   4   0   5   3 17 15 14 
  10   4   0   4   5   2 18 16 
   3   5   7   0   1   2 20 18 
   9   4   0   4   5   2 20 18 
   7   2   4   5   0   1 17 
   1   0   6   8   3   2 20 19 
   1   4   2   4   0   2 21 19 
   9   5   4   2   0   2 23 22 
   5   5   4   8   0   1 21 
   8   0   5   6   3   1 22 
   5   2   7   5   0   2 26 24 
   2   3   4   2   0   2 26 25 
   8   4   3   0   4   1 25 
   4   7   4   0   6   1 27 
   3   0   1   3   5   1 27 
   8   5   6   0   4   1 28 
   7   0   4   4   2   2 31 29 
  10   2   3   5   0   1 30 
  10   4   0   3   6   1 32
   8   0   3   3   5   1 32
   0   0   0   0   0   0 
