
  32    4
  10   10   10   10

   0   0   0   0   0   6 2 3 4 6 9 10 
   9   1   0   1   1   4 12 8 7 5 
   7   3   0   1   5   4 19 15 12 7 
   7   0   1   3   5   3 19 11 7 
   9   4   0   5   9   8 24 22 21 20 19 18 17 15 
   4   5   0   5   2   7 24 22 20 18 15 14 13 
   7   6   5   5   0   6 24 22 20 18 14 13 
  10   4   0   4   5   6 24 21 19 18 17 14 
   7   5   0   2   4   6 24 21 20 18 17 14 
   7   0   6   3   2   5 24 20 19 14 13 
   5   0   7   7   3   6 24 21 20 18 17 16 
   9   4   0   2   4   5 24 23 21 20 16 
   5   4   4   2   0   2 17 16 
   8   5   0   4   2   2 23 16 
   7   4   3   0   5   2 23 16 
   4   3   0   3   2   4 29 27 26 25 
   2   0   4   3   2   4 31 26 25 23 
   6   0   3   4   2   4 29 27 26 25 
   3   0   2   7   8   3 27 26 23 
   1   5   5   7   0   4 31 29 26 25 
   4   4   0   4   4   4 31 29 26 25 
   4   0   3   5   4   4 31 29 26 25 
   8   0   6   4   2   3 30 29 28 
   6   6   0   4   5   2 29 26 
   9   0   5   3   3   2 30 28 
   3   1   3   3   0   1 28 
   5   0   3   3   5   1 31 
   4   6   0   6   8   1 32
  10   0   6   7   4   1 32
   9   4   2   5   0   1 32
   5   2   4   4   0   1 32
   0   0   0   0   0   0 
