
  32    4
  10   10   10   10

   0   0   0   0   0   9 2 7 20 26 27 28 29 30 31 
   7   1   1   0   2   1 3 
   7   0   2   1   5   2 25 4 
  10   0   3   3   3   1 5 
  10   0   5   5   4   1 6 
   8   6   2   0   2   1 8 
   4   4   5   0   7   1 8 
   7   0   4   5   2   1 9 
   4   4   0   5   3   2 24 10 
   2   4   4   4   0   2 23 11 
   9   3   0   7   6   1 12 
   7   8   5   4   0   1 13 
  10   3   5   1   0   1 14 
   5   4   4   0   1   2 22 15 
   2   6   0   4   3   1 16 
   4   0   6   6  10   1 17 
   1   4   0   3   4   1 18 
   9   0   4   4   5   1 19 
   3   3   2   5   0   1 21 
   3   3   5   6   0   1 21 
   5   3   2   0   3   1 32
   5   3   0   5   4   1 32
   1   3   0   4   4   1 32
   4   3   4   0   4   1 32
   2   4   4   5   0   1 32
   9   0   4   3   2   1 32
   2   0   1   4   4   1 32
   3   0   5   4   5   1 32
   1   0   6   1   4   1 32
  10   3   6   3   0   1 32
   6   8   7   0   5   1 32
   0   0   0   0   0   0 
