
  32    4
  10   10   10   10

   0   0   0   0   0   7 2 3 4 6 8 11 17 
   6   1   0   1   1   5 22 15 13 10 5 
   5   3   1   5   0   5 30 22 19 15 7 
   1   2   0   4   6   3 22 10 7 
   7   0   5   6   5   5 30 21 19 12 9 
   6   0   5   3   3   6 30 28 22 21 19 9 
   1   3   0   5   4   8 31 29 28 27 21 18 16 14 
   1   3   5   5   0   6 29 21 19 18 15 14 
   2   3   1   4   0   5 31 27 18 16 14 
   6   5   6   5   0   5 30 28 27 19 18 
   1   0   5   3   4   5 30 28 20 19 18 
   7   4   0   4   3   6 29 28 27 25 20 18 
   2   6   5   7   0   3 29 24 16 
   5   6   3   4   0   3 25 24 20 
   2   4   0   3   4   3 27 24 20 
   1   6   0   4   3   2 25 20 
  10   6   0   2   8   2 24 20 
   3   3   5   0   2   2 26 23 
   1   5   0   5   4   2 25 24 
   3   4   0   5   3   1 23 
   7   6   5   2   0   1 24 
   9   5   3   0   6   1 24 
   1   4   0   4   2   1 32
   7   4   3   5   0   1 32
   2   2   0   6   7   1 32
   2   0   3   3   1   1 32
   7   2   0   2   5   1 32
  10   3   3   4   0   1 32
   5   0   8   3   6   1 32
   3   4   2   0   4   1 32
   2   6   0   4   3   1 32
   0   0   0   0   0   0 
