
  32    4
  10   10   10   10

   0   0   0   0   0   3 2 17 25 
   1   1   3   0   1   1 3 
   1   5   5   0   3   1 4 
   6   0   3   1   1   2 12 5 
   4   3   5   4   0   1 6 
   1   6   0   5   2   1 7 
   3   0   4   4   4   1 8 
   6   0   3   3   6   2 14 9 
   2   4   3   3   0   1 10 
   1   3   2   3   0   1 11 
   2   3   4   0   2   1 13 
   1   4   0   3   3   1 14 
   5   4   1   5   0   1 15 
   8   4   0   5   8   1 15 
   5   0   3   4   6   1 16 
   7   3   4   0   5   1 18 
  10   2   3   3   0   1 18 
   7   7   3   4   0   3 31 30 19 
   2   4  10   0   5   1 20 
   4   2   2   6   0   1 21 
   1   0   5   7   7   1 22 
  10   3   4   4   0   1 23 
   6   7   5   0   2   1 24 
   7   3   0   3   3   1 26 
  10   0   5   7   5   1 26 
   1   4   0   6   6   1 27 
   6   6   3   2   0   1 28 
   4   5   2   3   0   1 29 
   7   7   6   4   0   1 32
   9   0   7   3   5   1 32
  10   2   5   0   2   1 32
   0   0   0   0   0   0 
