
  32    4
  10   10   10   10

   0   0   0   0   0   1 2 
   3   0   1   1   1   1 3 
   4   0   4   5   5   1 4 
   2   1   2   5   0   1 5 
   9   4   3   5   0   1 6 
   6   6   0   7   8   1 7 
  10   0   4   7   2   2 10 8 
   7   0   4   4   6   1 9 
   8   3   7   2   0   1 11 
   1   7   0   3   4   1 11 
   5   4   6   5   0   1 12 
   8   5   5   5   0   1 13 
   3   1   3   4   0   1 14 
   9   0   4   2   5   1 15 
   7   3   6   4   0   1 16 
  10   0   5   6   2   1 17 
   2   2   5   2   0   1 18 
  10   6   3   5   0   1 19 
  10   4   0   6   4   1 20 
   6   5   4   3   0   1 21 
   4   3   2   0   5   1 22 
   4   4   3   0   4   2 25 23 
   9   0   2   5   6   1 24 
   8   5   0   2   3   1 26 
   3   0   9   2   4   1 26 
   6   2   3   5   0   1 27 
   4   7   0   4   3   2 31 28 
   7   6   0   5   5   1 29 
   9   2   2   4   0   1 30 
   5   0   3   2   3   1 32
  10   0   6   2   2   1 32
   0   0   0   0   0   0 
