
  32    4
  10   10   10   10

   0   0   0   0   0   3 2 13 18 
   5   1   1   1   0   1 3 
   2   0   5   4   1   2 22 4 
   5   0   3   6   2   1 5 
   3   0   4   7   2   3 31 10 6 
  10   4   0   5   6   1 7 
   3   3   0   3   7   3 26 12 8 
   8   0   2   4   6   2 14 9 
   3   9   3   2   0   3 20 17 11 
   8   7   5   0   3   4 30 20 17 15 
   7   2   0   3   2   2 30 15 
   1   5   3   4   0   2 17 14 
   5   6   0   4   6   2 30 14 
   5   7   6   0   2   2 20 19 
   7   0   7   4   4   1 16 
  10   1   2   0   3   1 19 
   8   1   5   6   0   1 19 
   7   1   0   7   2   1 19 
  10   6   0   4   3   1 21 
  10   0   6   2   8   1 21 
   1   3   3   2   0   1 23 
   6   4   4   0   3   1 23 
   3   0   7   2   2   1 24 
   7   4   0   5   6   1 25 
   4   5   2   0   8   2 29 27 
   2   0   6   2   3   2 29 27 
   5   0   2   5   4   1 28 
  10   2   4   0   2   1 32
  10   2   2   0   7   1 32
   1   6   7   3   0   1 32
   9   5   3   7   0   1 32
   0   0   0   0   0   0 
