
  32    4
  10   10   10   10

   0   0   0   0   0   3 2 4 5 
   4   0   1   1   1   1 3 
   7   1   3   1   0   1 6 
   9   6   0   4   5   1 6 
   4   0   4   4   5   1 6 
   4   0   5   4   2   1 7 
   1   3   0   3   3   1 8 
   1   0   4   7   2   1 9 
   7   2   5   0   3   2 12 10 
   5   4   2   0   2   1 11 
   3   4   4   0   5   2 17 13 
   2   3   3   5   0   2 17 13 
   1   2   4   4   0   1 14 
   5   3   5   4   0   1 15 
  10   5   5   6   0   1 16 
   1   0   5   6   5   2 21 18 
  10   0   2   3   6   1 18 
   3   0   6   4   3   1 19 
   9   6   0   3   3   1 20 
   3   7   6   4   0   1 22 
   9   7   2   0   5   2 31 24 
   1   4   0   6   2   1 23 
   2   0   4   9   8   1 24 
   4   0   3   3   5   1 25 
   7   0   6   2   4   1 26 
   6   0   4   5   7   1 27 
   2   2   4   5   0   1 28 
   8   6   0   1   6   1 29 
   7   3   0   2   2   1 30 
   3   0   5   4   2   1 32
   7   4   0   4   6   1 32
   0   0   0   0   0   0 
