
  32    4
  10   10   10   10

   0   0   0   0   0  11 2 3 4 5 6 8 12 28 29 30 31 
   3   1   0   1   1   7 27 20 19 17 16 15 7 
   4   3   1   3   0   7 24 23 21 19 18 14 10 
   2   0   6   2   4   7 26 25 22 18 15 13 11 
   1   2   2   0   3   5 24 23 22 16 14 
   3   0   7   2   4   4 19 18 17 9 
   8   0   4   5   1   3 21 14 13 
   3   3   0   5   6   3 17 15 13 
   7   6   4   1   0   1 13 
   5   0   3   5   2   1 13 
   6   5   6   3   0   1 20 
  10   0   3   3   6   1 16 
   2   6   0   6   1   1 32
   2   0   5   3   4   1 32
   2   2   4   7   0   1 32
   1   3   0   4   4   1 32
   5   5   2   0   2   1 32
   6   4   0   5   6   1 32
   4   2   3   3   0   1 32
   4   0   7   5   6   1 32
   1   5   6   5   0   1 32
   8   2   0   2   3   1 32
   4   6   0   6   4   1 32
   5   2   3   0   6   1 32
   3   5   0   2   5   1 32
   4   0   2   9   5   1 32
   8   6   6   0   6   1 32
   2   8   0   6   6   1 32
   4   0   2   3   4   1 32
   5   0   3   3   4   1 32
   6   0   5   5   3   1 32
   0   0   0   0   0   0 
