
  32    4
  10   10   10   10

   0   0   0   0   0  11 2 3 4 5 6 8 12 28 29 30 31 
   9   1   0   1   1   7 27 26 25 20 15 13 11 
   7   0   1   5   4   6 24 19 17 16 15 7 
   5   2   4   0   3   6 23 21 20 18 14 10 
   6   3   4   0   4   3 21 16 9 
   1   0   3   4   4   3 16 15 13 
   2   6   4   0   5   2 18 14 
   5   6   0   3   5   2 22 14 
   2   6   4   2   0   1 13 
   2   0   4   4   2   1 13 
   4   0   4   4   3   1 17 
   1   1   3   4   0   1 19 
   4   0   5   1   1   1 32
   5   4   7   0   4   1 32
  10   3   7   4   0   1 32
   7   5   4   3   0   1 32
   7   7   0   6   1   1 32
   3   2   0   5   3   1 32
   7   0   5   3   2   1 32
   2   4   0   4   6   1 32
   9   4   0   6   5   1 32
   1   6   3   0   5   1 32
   8   4   0   6   4   1 32
   6   5   0   4   7   1 32
   9   2   3   0   6   1 32
   4   0   3   3   6   1 32
   7   6   0   6   5   1 32
   1   4   0   4   6   1 32
   4   3   4   4   0   1 32
   7   5   0   5   5   1 32
   7   3   0   5   3   1 32
   0   0   0   0   0   0 
