
  32    4
  10   10   10   10

   0   0   0   0   0  11 2 3 4 5 6 8 9 15 16 30 31 
   7   1   1   0   1   8 27 26 25 24 22 20 17 7 
   2   2   0   1   8  10 29 28 26 25 24 21 20 19 17 10 
  10   0   4   2   2   8 23 21 20 18 14 13 11 10 
  10   3   0   6   2   9 27 26 25 24 23 20 19 18 10 
  10   0   4   9   3   5 21 20 19 17 12 
   7   3   4   2   0   4 23 21 19 18 
   9   6   2   2   0   4 23 21 20 17 
   5   6   3   4   0   2 22 17 
   6   0   5   3   6   1 22 
   2   3   2   3   0   1 19 
   3   5   5   0   4   1 18 
   3   0   3   7   4   1 17 
   5   2   6   2   0   1 17 
   2   0   5   4   3   1 18 
   9   2   0   3   4   1 17 
   4   0   3   3   7   1 32
   6   3   7   0   8   1 32
   2   2   0   7   2   1 32
  10   3   6   0   1   1 32
   2   4   0   5   7   1 32
   7   3   7   0   4   1 32
   8   5   0   4   6   1 32
  10   7   0   5   3   1 32
   2   8   0   2   5   1 32
   5   2   0   4   3   1 32
   7   0   2   4   4   1 32
   7   5   4   6   0   1 32
   9   7   3   0   3   1 32
   3   5   0   4   2   1 32
   1   5   4   4   0   1 32
   0   0   0   0   0   0 
