
  32    4
  10   10   10   10

   0   0   0   0   0  11 2 3 4 5 6 8 12 28 29 30 31 
   6   0   1   1   1   8 27 25 20 19 18 17 16 7 
   3   1   3   0   2   7 24 23 21 19 15 14 10 
  10   0   2   5   6   7 26 25 22 16 15 13 11 
   8   2   5   3   0   5 24 23 22 17 14 
   9   1   7   2   0   4 19 18 15 9 
   9   5   0   3   4   3 21 14 13 
   3   0   4   6   6   3 18 16 13 
   1   0   5   1   4   1 13 
   8   0   1   1   6   1 13 
  10   6   2   5   0   1 20 
   5   4   0   4   4   1 17 
   9   6   6   4   0   1 32
   1   4   0   8   3   1 32
   7   5   2   0   5   1 32
   8   6   3   0   4   1 32
   8   9   2   0   3   1 32
  10   0   1   5   7   1 32
   5   0   6   3   3   1 32
   7   2   4   3   0   1 32
   1   4   4   3   0   1 32
   3   4   3   7   0   1 32
   6   0   7   2   3   1 32
   6   3   0   6   3   1 32
   4   0   6   3   5   1 32
   4   4   0   6   5   1 32
   2   0   7   6   2   1 32
   8   0  10   3   4   1 32
   6   3   2   4   0   1 32
   1   4   2   7   0   1 32
   9   3   5   3   0   1 32
   0   0   0   0   0   0 
