
  32    4
  10   10   10   10

   0   0   0   0   0  13 2 3 4 5 6 7 11 12 27 28 29 30 31 
   9   1   1   1   0   8 26 20 19 17 16 15 14 10 
   5   0   4   2   1   7 23 22 21 19 18 16 15 
   4   2   3   4   0   7 25 23 22 19 16 14 13 
   6   2   0   5   5   5 24 21 18 13 8 
   7   1   0   4   4   3 20 13 9 
   3   3   3   0   5   3 18 15 14 
   3   4   3   7   0   2 15 14 
   5   6   1   0   4   1 17 
   2   5   4   0   6   1 13 
   4   4   0   3   2   1 16 
   2   0   4   4   4   1 17 
   3   5   6   3   0   1 32
   1   0   8   3   1   1 32
   1   1   6   5   0   1 32
   1   3   3   4   0   1 32
   5   1   4   0   5   1 32
   7   0   7   3   3   1 32
   1   0   6  10   4   1 32
   9   9   6   0   7   1 32
   5   5   6   3   0   1 32
  10   6   2   0   5   1 32
   1   4   3   4   0   1 32
   8   4   0   3   7   1 32
   9   0   4   5   3   1 32
   7   5   2   3   0   1 32
   5   3   0   4   3   1 32
   9   5   4   0   4   1 32
   2   4   2   4   0   1 32
   9   9   6   3   0   1 32
   2   0   2   5   3   1 32
   0   0   0   0   0   0 
