
  32    4
  10   10   10   10

   0   0   0   0   0  11 2 3 4 5 6 8 9 15 16 30 31 
   3   1   0   1   1   9 28 27 26 25 24 22 20 17 7 
   8   3   1   0   3   8 23 21 20 14 13 12 11 10 
   8   2   0   3   3  10 29 27 26 25 24 21 20 18 17 10 
   5   0   4   5   5   9 28 26 25 24 23 20 19 18 10 
   8   3   0   3   3   5 21 20 18 17 11 
   4   5   4   0   3   4 23 21 19 18 
   1   5   0   3   5   4 23 21 20 17 
   2   6   6   0   6   2 22 17 
   5   0   5   3   3   1 22 
   8   5   5   0   6   1 19 
   9   0   2   3   3   1 18 
   6   0   3   8   4   1 17 
  10   4   0   3   7   1 17 
   4   6   5   0   3   1 19 
   9   0   5   8   3   1 17 
  10   1   0   4   4   1 32
   7   6   5   4   0   1 32
   5   4   5   0   3   1 32
   6   2   4   5   0   1 32
   8   0   3   3   9   1 32
   1   2   4   4   0   1 32
   9   5   2   0   6   1 32
   9   8   4   0   4   1 32
   1   2   7   7   0   1 32
   4   4   0   4   5   1 32
   5   3   4   0   2   1 32
  10   4   4   0   2   1 32
   1   6   3   0   2   1 32
   1   4   3   0   3   1 32
   7   5   0   1   6   1 32
   0   0   0   0   0   0 
