
  32    4
  10   10   10   10

   0   0   0   0   0  11 2 3 4 5 6 8 9 15 16 30 31 
   8   1   0   1   1   9 28 27 26 25 24 22 20 17 7 
   7   4   0   5   4  10 29 27 26 25 24 21 20 19 17 10 
   8   5   0   5   3   8 23 21 20 18 14 13 11 10 
   6   3   1   0   4   9 28 26 25 24 23 20 19 18 10 
  10   0   4   5   7   5 21 20 19 17 12 
   8   0   4   2   2   4 23 21 19 18 
   9   0   5   3   5   4 23 21 20 17 
   6   3   4   5   0   2 22 17 
  10   4   5   0   3   1 22 
   9   5   2   6   0   1 19 
   8   2   0   4   5   1 18 
   1   3   3   4   0   1 17 
   7   5   4   0   6   1 17 
   3   4   4   0   3   1 18 
   4   3   0   2   4   1 17 
   3   2   5   3   0   1 32
   6   2   6   4   0   1 32
   8   5   0   3   1   1 32
   6   5   4   3   0   1 32
   1   0   4   4   6   1 32
   5   6   0   4   7   1 32
   2   3   1   0   3   1 32
  10   5   0   5   4   1 32
   9   9   6   3   0   1 32
   5   3   0   5   6   1 32
   9   4   7   3   0   1 32
   1   5   2   6   0   1 32
   2   6   0   6   3   1 32
   4   5   4   5   0   1 32
  10   2   5   0   3   1 32
   0   0   0   0   0   0 
