
  32    4
  10   10   10   10

   0   0   0   0   0  12 2 3 4 5 6 7 11 12 28 29 30 31 
   8   0   1   1   1   8 27 20 19 17 16 15 13 10 
   7   1   0   4   4   8 26 25 23 22 19 15 14 13 
   7   5   3   2   0   6 24 21 18 14 13 8 
   5   6   0   3   3   7 23 22 21 19 18 16 13 
  10   0   3   6   5   3 20 14 9 
   1   4   0   2   5   3 18 16 15 
  10   2   4   0   3   2 16 15 
   6   3   7   6   0   1 17 
   4   0   6   3   6   1 14 
   6   0   5   3   4   1 13 
   4   5   0   3   5   1 17 
   7   0   2   5   4   1 32
   1   0   6   6   2   1 32
   6   2   6   6   0   1 32
   1   4   3   3   0   1 32
   1   3   0   3   3   1 32
   4   3   0   2   2   1 32
   5   3   6   3   0   1 32
   9   0   5   1   5   1 32
   4   7   0   7   2   1 32
   8   4   1   5   0   1 32
   1   7   8   4   0   1 32
   1   5   4   4   0   1 32
   1   3   3   5   0   1 32
   1   0   4   5   4   1 32
   6   3   2   3   0   1 32
   8   5   0   6   4   1 32
   4   6   4   0   6   1 32
   2   3   4   5   0   1 32
   9   0   1   6   8   1 32
   0   0   0   0   0   0 
