
  32    4
  10   10   10   10

   0   0   0   0   0  10 2 3 4 5 6 7 12 13 30 31 
   9   1   1   0   1  10 28 27 26 23 22 21 18 17 10 8 
   6   5   1   1   0   9 29 23 21 20 18 17 16 15 8 
   6   7   0   3   2   8 25 23 22 20 17 16 14 11 
   6   0   3   4   4   6 27 26 22 19 15 14 
   4   4   3   3   0   5 25 21 17 16 9 
   8   0   4   2   7   3 20 16 9 
   3   0   5   4   4   3 24 19 14 
   7   5   0   3   6   1 14 
  10   4   6   0   5   1 14 
   4   3   6   5   0   1 18 
   8   0   6   4   4   1 15 
  10   1   0   3   7   1 15 
   4   0   3   5   4   1 32
   5   4   0   2   2   1 32
   8   0   5   2   6   1 32
   2   5   1   0   3   1 32
  10   3   3   5   0   1 32
   1   5   6   4   0   1 32
   7   2   0   4   4   1 32
   2   4   3   0   6   1 32
   1   7   0   6   2   1 32
   2   0   6   5   5   1 32
   6   1   6   0   2   1 32
   1   2   3   6   0   1 32
   2   5   5   0   2   1 32
   9   0   4   7   6   1 32
   6   4   0   5   4   1 32
   5   6   3   3   0   1 32
   5   5   5   5   0   1 32
   7   5   0   5   2   1 32
   0   0   0   0   0   0 
