
  32    4
  10   10   10   10

   0   0   0   0   0  12 2 3 4 5 6 7 11 12 28 29 30 31 
   8   0   1   1   1   8 27 20 18 17 16 14 13 10 
   6   0   6   6   2   7 24 23 19 15 14 13 8 
   3   0   3   4   8   8 24 23 22 21 20 19 17 13 
   2   1   5   5   0   8 26 25 22 21 20 16 15 13 
   1   4   0   6   6   4 19 18 17 16 
   4   8   3   3   0   3 18 15 9 
   2   2   5   0   4   2 17 16 
   5   3   0   2  10   1 14 
   7   5   0   5   5   1 15 
   7   2   0   2   8   1 13 
   1   6   6   0   2   1 14 
   2   5   4   0   2   1 32
   2   7   0   6   2   1 32
   4   4   5   0   3   1 32
   5   0   2   2   2   1 32
   1   1   5   6   0   1 32
   9   3   0   3   4   1 32
   2   7   0   5   2   1 32
   2   3   0   4   4   1 32
   1   5   0   6   5   1 32
   5   0   3   5   1   1 32
   9   6   4   4   0   1 32
   5   1   3   4   0   1 32
  10   3   7   1   0   1 32
   6   4   4   0   5   1 32
   2   0   5   5   3   1 32
   7   4   3   4   0   1 32
   9   3   3   2   0   1 32
   8   5   0   2   6   1 32
   2   0   3   7   3   1 32
   0   0   0   0   0   0 
