
  32    4
  10   10   10   10

   0   0   0   0   0  12 2 3 4 5 7 8 12 27 28 29 30 31 
  10   1   0   1   1   6 26 25 24 21 14 11 
  10   0   1   8   4   5 23 18 15 14 6 
   3   4   0   7   3   4 21 20 17 10 
   5   4   5   0   4   3 20 19 9 
   7   0   1   3   4   2 17 16 
   9   2   0   7   3   2 19 14 
   4   2   6   2   0   2 22 16 
   9   3   3   2   0   1 13 
   6   8   2   0   7   1 13 
   1   6   6   4   0   1 15 
   2   3   1   3   0   1 18 
  10   0   8   1   2   1 32
   8   4   3   4   0   1 32
   6   0   3   2   6   1 32
   3   3   0   5   3   1 32
   9   3   0   5   7   1 32
   9   4   0   1   1   1 32
   1   0   9   3   2   1 32
   8   6   5   0   9   1 32
  10   4   6   7   0   1 32
   3   2   1   0   5   1 32
   9   0   3   1   3   1 32
   5   6   0   7   4   1 32
   3   4   3   0   6   1 32
   4   3   5   0   3   1 32
   2   4   0   5   2   1 32
   2   3   1   5   0   1 32
   3   7   6   0   5   1 32
   9   0   5   5   4   1 32
   5   6   5   4   0   1 32
   0   0   0   0   0   0 
