
  32    4
  10   10   10   10

   0   0   0   0   0  14 2 3 4 5 6 7 10 11 26 27 28 29 30 31 
   8   1   1   0   1   9 25 24 22 18 17 15 14 13 12 
   8   5   0   1   3   7 21 20 19 17 16 14 13 
  10   0   5   5   3   6 22 21 20 17 14 12 
   5   3   3   2   0   4 23 19 16 8 
  10   0   6   1   6   3 16 13 12 
   2   5   0   6   3   2 18 9 
   1   3   0   5   4   2 13 12 
  10   0   3   4   2   1 15 
   8   0   4   3   6   1 14 
   9   5   3   0   1   1 15 
   9   0   5   7   7   1 32
   1   4   4   0   5   1 32
  10   3   0   5   6   1 32
   7   2   0   4   2   1 32
   7   0   4   4   2   1 32
   7   5   0   6   9   1 32
   9   4   5   4   0   1 32
   2   5   4   5   0   1 32
   3   0   6   2   1   1 32
   3   6   0   4   6   1 32
   1   5   2   9   0   1 32
   4   5   5   1   0   1 32
   3   3   0   3   4   1 32
   4   7   5   5   0   1 32
   6   0   8   4   6   1 32
   6   2   4   0   2   1 32
   5   0   2   5   5   1 32
   5   7   3   3   0   1 32
   8   3   2   5   0   1 32
   4   1   0   1   4   1 32
   0   0   0   0   0   0 
