
  32    4
  10   10   10   10

   0   0   0   0   0  11 2 3 4 5 6 8 12 28 29 30 31 
   6   1   1   1   0   6 27 19 18 17 16 7 
   9   2   6   2   0   7 24 23 21 20 15 14 10 
   8   7   2   5   0   7 26 25 22 18 15 13 11 
   8   7   0   4   1   5 24 23 22 16 14 
  10   3   0   4   5   4 21 17 15 9 
   7   4   2   5   0   3 20 14 13 
   2   5   5   3   0   3 18 17 13 
  10   2   4   3   0   1 13 
   2   5   2   0   4   1 13 
   7   4   0   2   5   1 19 
   4   4   0   4   6   1 16 
   5   5   6   0   6   1 32
   2   4   5   3   0   1 32
   8   0   4   5   6   1 32
   7   6   0   7   1   1 32
   4   0   4   3   1   1 32
   9   6   5   5   0   1 32
  10   2   5   0   6   1 32
   1   4   0   3   5   1 32
   1   0   2   6   1   1 32
   9   3   3   0   7   1 32
   3   4   4   4   0   1 32
   9   5   4   0   5   1 32
   2   0   9   5   5   1 32
   5   3   4   5   0   1 32
   2   2   0   5   2   1 32
   5   0   2   5   5   1 32
   5   0   6   5   1   1 32
   7   5   5   5   0   1 32
   2   3   2   1   0   1 32
   0   0   0   0   0   0 
