
  32    4
  10   10   10   10

   0   0   0   0   0  12 2 3 4 5 7 8 11 12 28 29 30 31 
   5   1   1   0   1   9 27 20 19 18 17 16 15 13 9 
   3   3   2   1   0   5 24 23 18 15 6 
   9   5   0   1   3   8 24 23 22 21 20 18 17 15 
   6   0   7   4   3   8 26 25 22 21 20 16 15 14 
   1   2   5   0   3   4 17 16 14 13 
   8   2   4   2   0   4 19 18 17 16 
   1   0   7   4   7   3 19 14 10 
   1   6   2   4   0   1 14 
   1   3   2   0   3   1 13 
   8   5   0   4   2   1 15 
   4   5   3   2   0   1 13 
   9   6   7   0   7   1 32
   9   3   0   7   2   1 32
   9   0   2   3   3   1 32
   9   3   0   7   9   1 32
   8   6   0   2   4   1 32
   8   5   3   0   5   1 32
  10   0   3   5   4   1 32
   5   0  10   5   4   1 32
   7   5   6   3   0   1 32
   7   0   4   3   1   1 32
   3   4   2   9   0   1 32
   6   0   5   5   6   1 32
   2   4   5   5   0   1 32
   8   0   3   5   3   1 32
   2   8   1   5   0   1 32
   8   0   5   3   5   1 32
   8   2   0   4   5   1 32
   3   0   4   3   2   1 32
   3   2   3   0   6   1 32
   0   0   0   0   0   0 
