
  32    4
  10   10   10   10

   0   0   0   0   0  20 2 3 4 7 8 17 18 19 20 21 22 23 24 25 26 27 28 29 30 31 
   7   1   1   1   0   4 16 15 14 5 
   9   5   6   0   1   2 10 6 
   2   4   0   4   3   2 13 9 
   2   5   0   2   4   1 12 
  10   2   3   0   3   1 11 
   1   1   8   6   0   1 10 
   7   7   3   7   0   1 9 
   5   3   2   0   5   1 32
   9   4   0   5   4   1 32
   4   5   3   3   0   1 32
   1   2   4   0   7   1 32
   1   6   3   0   3   1 32
   7   4   0   4   4   1 32
  10   6   0   4   5   1 32
   3   3   5   0   7   1 32
   9   0   4   3   6   1 32
   6   4   4   3   0   1 32
   7   2   6   0   2   1 32
   2   0   4   3   6   1 32
   3   0   5   5   7   1 32
   1   5   5   0   2   1 32
  10   4   2   0   4   1 32
  10   0   4   8   3   1 32
   9   5   0   4   3   1 32
  10   0   4   4   3   1 32
   6   4   6   6   0   1 32
   2   5   0   3   2   1 32
   8   4   3   1   0   1 32
   1   2   4   6   0   1 32
  10   7   3   2   0   1 32
   0   0   0   0   0   0 
