
  32    4
  10   10   10   10

   0   0   0   0   0  12 2 3 4 5 6 7 11 12 28 29 30 31 
   1   0   1   1   1   9 27 20 19 18 17 16 15 14 10 
   1   0   5   3   4   6 24 23 18 15 14 8 
  10   1   4   4   0   8 24 23 22 21 20 18 17 14 
   2   4   2   0   2   8 26 25 22 21 20 16 14 13 
   1   5   0   4   3   4 19 18 17 16 
   4   1   4   0   4   3 19 13 9 
   8   6   0   4   6   3 17 16 13 
   7   0   5   6   4   1 15 
   4   5   6   6   0   1 13 
   7   4   0   3   3   1 15 
   1   6   0   7   7   1 14 
   2   0   4   5   6   1 32
   9   3   0   2   2   1 32
   4   4   4   4   0   1 32
   4   0   6   1   2   1 32
   7   4   4   2   0   1 32
   2   3   2   4   0   1 32
  10   7   5   2   0   1 32
   5   3   8   0   5   1 32
   8   7   3   0   5   1 32
   9   0   3   2   4   1 32
   8   3   0   5   3   1 32
   5   4   0   5   2   1 32
  10   5   4   0   4   1 32
   2   1   0   6   6   1 32
   6   0   4   6   3   1 32
   9   4   5   0   5   1 32
   7   5   2   6   0   1 32
   6   5   0   4   5   1 32
   3   2   3   0   6   1 32
   0   0   0   0   0   0 
