
  32    4
  10   10   10   10

   0   0   0   0   0  12 2 3 4 5 6 8 13 14 15 16 30 31 
   1   1   1   1   0   8 27 26 25 24 21 20 17 7 
   8   5   1   5   0   9 27 26 25 24 23 21 19 18 9 
   2   0   4   5   1   9 29 28 26 25 24 22 19 17 9 
   3   0   5   2   2   7 23 22 21 18 12 10 9 
   6   5   0   1   7   4 21 19 17 11 
   6   0   6   7   6   4 23 22 19 18 
   6   5   0   3   3   4 23 22 21 17 
   7   0   8   3   5   1 20 
   8   2   0   5   5   1 19 
   5   3   3   0   6   1 18 
   5   3   0   4   5   1 17 
   6   5   0   4   3   1 20 
   6   5   0   6   6   1 18 
   4   5   3   0   1   1 17 
   4   7   3   0   3   1 17 
   2   0   3   3   2   1 32
   4   0   6   6   5   1 32
   2   0   5   3   4   1 32
   2   7   6   4   0   1 32
   5   0   5   3   4   1 32
   9   5   3   0   4   1 32
   7   4   3   4   0   1 32
   8   2   4   4   0   1 32
   3   3   3   0   3   1 32
   5   2   5   0   2   1 32
   5   6   0   6   4   1 32
   4   0   3   5   4   1 32
   6   2   3   6   0   1 32
   9   0   5   3   2   1 32
   5   3   0   3   9   1 32
   0   0   0   0   0   0 
