
  32    4
  10   10   10   10

   0   0   0   0   0  10 2 3 4 5 6 7 12 13 30 31 
   6   1   0   1   1  10 28 26 24 23 22 21 19 18 10 8 
   9   7   1   2   0  10 29 24 23 22 19 18 17 16 15 8 
   7   3   4   6   0   8 27 24 21 18 17 15 14 11 
   9   2   5   0   4   6 27 23 18 17 15 9 
   7   5   0   3   2   6 26 22 21 20 16 14 
   7   4   3   0   2   3 17 15 9 
   3   3   2   3   0   3 25 20 14 
   3   3   0   2   6   1 14 
   5   1   5   4   0   1 14 
   6   0   3   4   3   1 19 
   6   5   3   4   0   1 16 
   5   2   4   0   5   1 16 
   2   9   0   4   6   1 32
   6   0   5   7   6   1 32
   8   3   6   0   7   1 32
   4   0   6   5   5   1 32
   4   4   6   0   3   1 32
   9   3   0   4   3   1 32
   2   5   1   0   4   1 32
  10   6   2   3   0   1 32
   1   7   5   7   0   1 32
   3   2   0   6   7   1 32
   3   4   5   0   5   1 32
   9   4   4   0   4   1 32
   1   5   2   0   3   1 32
   7   0   4   3   5   1 32
   3   3   4   0   4   1 32
   4   5   5   5   0   1 32
   1   0   5   3   1   1 32
   9   0   6   4   2   1 32
   0   0   0   0   0   0 
