
  32    4
  10   10   10   10

   0   0   0   0   0  11 2 3 4 5 6 8 12 28 29 30 31 
   3   1   0   1   1   8 27 25 20 19 18 17 14 7 
   4   3   0   5   4   9 24 23 22 21 20 16 15 14 10 
   8   0   1   3   6   7 26 25 21 19 16 13 11 
   9  10   3   5   0   5 24 23 21 17 15 
   1   0   4   4   4   4 20 18 16 9 
   7   0   5   2   7   3 22 15 13 
   3   3   5   3   0   3 19 18 13 
   6   4   2   5   0   1 13 
   2   2   3   2   0   1 13 
   8   2   5   0   5   1 14 
   5   3   0   7   5   1 17 
   9   3   0   8   4   1 32
   3   5   5   4   0   1 32
  10   2   6   2   0   1 32
   2   2   0   3   5   1 32
   4   4   0   3   3   1 32
   9   5   4   0   4   1 32
   5   4   0   7   3   1 32
   6   0   3   7   3   1 32
   4   4   2   0   6   1 32
   6   0   3   1   3   1 32
   5   4   0   5   3   1 32
   8   9   5   0   5   1 32
   1   4   5   0   2   1 32
   4   4   5   3   0   1 32
   4   0   4   5   4   1 32
  10   2   7   0   5   1 32
   3   5   3   0   4   1 32
   7   5   4   5   0   1 32
   1   6   0   2   2   1 32
   0   0   0   0   0   0 
