
  32    4
  10   10   10   10

   0   0   0   0   0  10 2 3 4 5 6 7 12 13 30 31 
   9   0   1   1   1  10 28 26 25 23 22 21 19 18 10 8 
   7   1   3   7   0   9 29 23 22 19 18 17 16 15 8 
   2   2   0   6   4   8 27 23 21 18 17 16 14 11 
   1   6   3   0   4   6 27 22 18 17 16 9 
   5   4   4   4   0   6 26 25 21 20 15 14 
   1   3   0   2   6   3 17 16 9 
   6   8   3   0   7   3 24 20 14 
   1   2   0   5   7   1 14 
   9   0   5   5   6   1 14 
   8   0   4   2   4   1 19 
   6   0   4   4   3   1 15 
   8   5   9   0   3   1 15 
   6   5   0   5   3   1 32
   1   0   5   2   3   1 32
   9   4   3   5   0   1 32
   2   3   0   8   3   1 32
  10   0   4   5   2   1 32
   4   0   4   2   3   1 32
   3   5   2   6   0   1 32
   4   0   3   3   2   1 32
   7   3   0   1   4   1 32
   9   3   4   0   7   1 32
   1   0   3   2   4   1 32
   8   6   0   5   3   1 32
   4   3   0   4   4   1 32
   4   6   4   7   0   1 32
   4   0   5   3   6   1 32
   2   4   0   3   4   1 32
   5   3   4   0   4   1 32
   4   0   7   3   3   1 32
   0   0   0   0   0   0 
