
  32    4
  10   10   10   10

   0   0   0   0   0  12 2 3 4 5 6 8 13 14 15 16 30 31 
   7   0   1   1   1   8 27 26 25 24 21 20 17 7 
   1   1   3   4   0   9 27 26 25 24 23 21 19 18 9 
  10   0   5   5   2   7 23 22 21 18 12 10 9 
   4   3   0   4   6   8 29 28 26 25 24 22 19 9 
   9   4   0   5   5   4 21 19 17 11 
   5   6   0   6   4   4 23 22 19 18 
  10   3   0   5   3   4 23 22 21 17 
   9   3   3   0   4   1 20 
   6   0   6   1   4   1 19 
   2   3   0   3   4   1 18 
   2   6   6   5   0   1 17 
   1   3   0   2   2   1 20 
   8   3   0   5   3   1 18 
   3   4   0   7   5   1 17 
   7   0   7   6   6   1 17 
   8   2   0   6   3   1 32
   9   4   0   2   4   1 32
   5   4   2   0   6   1 32
   1   0   4   2   3   1 32
   1   0   4   2   4   1 32
   4   0   2   4   6   1 32
   1   7   4   8   0   1 32
  10   0   3   4   4   1 32
  10   0   5   2   7   1 32
   6   4   2   3   0   1 32
   6   0   3   4   5   1 32
   3   4   7   0   1   1 32
  10   5   5   3   0   1 32
   4   6   3   6   0   1 32
   4   5   5   3   0   1 32
   0   0   0   0   0   0 
