
  32    4
  10   10   10   10

   0   0   0   0   0  11 2 3 4 5 7 8 12 28 29 30 31 
   5   1   1   0   1   6 27 26 25 18 14 11 
   5   3   5   0   4   5 24 19 15 14 6 
   1   0   6   1   4   5 23 20 18 16 10 
   9   2   0   4   7   3 21 20 9 
   8   0   2   2   6   2 17 16 
   8   4   5   7   0   2 21 14 
   7   5   0   4   2   2 22 17 
   4   2   4   6   0   1 13 
   8   0   4   4   6   1 13 
   5   4   5   2   0   1 15 
   9   7   0   2   3   1 19 
   2   0   8   2   4   1 32
  10   3   4   2   0   1 32
   2   1   0   6   4   1 32
   5   8   0   5   6   1 32
   5   4   6   0   2   1 32
   6   3   0   4   6   1 32
   5   6   0   3   7   1 32
   6   5   3   9   0   1 32
   1   6   0   3   1   1 32
   9   5   1   0   2   1 32
   7   3   3   5   0   1 32
   4   0   4   2   3   1 32
   3   2   4   0   4   1 32
  10   4   0   4   3   1 32
   1   3   4   0   1   1 32
   4   9   0   7   3   1 32
   3   3   3   2   0   1 32
   5   4   0   6   5   1 32
   7   3   0   4   8   1 32
   0   0   0   0   0   0 
