
  32    4
  10   10   10   10

   0   0   0   0   0  11 2 3 4 5 6 8 9 15 16 30 31 
  10   0   1   1   1  10 29 28 27 26 25 24 23 20 17 7 
   4   0  10   6   4  11 29 27 26 25 24 22 21 20 18 17 10 
   4   0   5   6   3   8 22 21 20 14 13 12 11 10 
   3   0   4   2   2   9 28 26 25 24 22 20 19 18 10 
  10   1   2   3   0   5 21 20 18 17 11 
   3   6   3   0   2   4 22 21 19 18 
   1   1   1   0   4   4 22 21 20 17 
   5   2   0   3   6   2 23 17 
   8   3   0   3   4   1 23 
  10   0   2   5   4   1 19 
   5   5   0   1   4   1 18 
   6   5   3   2   0   1 17 
   4   6   3   4   0   1 17 
   5   4   4   6   0   1 19 
   1   5   4   5   0   1 17 
  10   0   5   7   6   1 32
   6   0   3   3   6   1 32
   4   4   5   0   6   1 32
   3   3   2   3   0   1 32
   4   0   7   4   3   1 32
   4   2   4   4   0   1 32
   4   6   6   0   4   1 32
   8   0   5   6   3   1 32
   6   6   3   0   4   1 32
   5   0   2   5   5   1 32
   6   0   7   4   6   1 32
   3   1   0   4   2   1 32
   2   6   5   0   5   1 32
   3   0   4   4   5   1 32
   9   6   0   5   3   1 32
   0   0   0   0   0   0 
