
  32    4
  10   10   10   10

   0   0   0   0   0  12 2 3 4 5 6 8 13 14 15 16 30 31 
   8   1   0   1   1   7 23 22 21 17 11 10 9 
  10   4   1   4   0   6 27 25 24 21 20 7 
   5   3   0   3   4   8 27 26 25 24 23 21 17 9 
   9   0   3   2   6   8 29 28 26 25 24 22 19 9 
   4   7   0   4   5   4 21 19 18 12 
   9   5   3   0   3   4 23 22 19 17 
   6   6   0   7   3   4 23 22 21 18 
   6   3   6   0   4   1 20 
   6   0   6   5   4   1 19 
   9   5   5   5   0   1 18 
   9   2   4   2   0   1 17 
   7   3   0   4   2   1 20 
   1   6   0   4   7   1 18 
   6   0   4   6   6   1 18 
   2   2   2   3   0   1 17 
  10   3   6   0   5   1 32
   9   0   1   3   4   1 32
   3   0   7   4   6   1 32
  10   0   6   1   3   1 32
   4   7   7   5   0   1 32
   4   3   4   0   2   1 32
  10   0   5   3   6   1 32
   7   3   3   0   5   1 32
   5   3   4   0   2   1 32
  10   1   1   8   0   1 32
   8   4   0   4   1   1 32
  10   3   2   0   7   1 32
   1   8   2   3   0   1 32
   5   6   5   3   0   1 32
   3   0   5   8   2   1 32
   0   0   0   0   0   0 
