
  32    4
  10   10   10   10

   0   0   0   0   0  12 2 3 4 5 6 7 11 12 28 29 30 31 
   8   1   1   0   1   8 27 20 18 17 16 14 13 10 
   3   5   8   0   8   7 26 23 19 15 14 13 8 
   6   3   3   0   2   8 25 24 22 21 20 17 15 13 
  10   4   0   1   5   7 23 22 21 20 19 16 13 
   5   4   5   0   2   4 19 18 17 16 
   3   6   5   0   4   3 18 15 9 
   5   3   4   0   5   2 17 16 
   5   7   3   4   0   1 14 
   8   2   5   0   8   1 15 
   6   5   4   2   0   1 13 
   7   0   5   2   4   1 14 
   4   5   4   0   6   1 32
   2   2   3   0   3   1 32
   9   0   4   5   5   1 32
   4   3   0   3   6   1 32
   7   3   0   4   6   1 32
   4   0   1   8   5   1 32
   5   4   3   0   2   1 32
   3   2   4   0   4   1 32
   5   2   6   1   0   1 32
   1   4   0   4   2   1 32
   2   7   0   7   1   1 32
   1   5   0   6   4   1 32
   5   3   0   2   2   1 32
   4   7   1   0   2   1 32
   4   6   0   6   6   1 32
   6   5   0   5   4   1 32
   9   3   3   0   6   1 32
   4   0   8   3   3   1 32
   4   3   0   5   2   1 32
   0   0   0   0   0   0 
