
  32    4
  10   10   10   10

   0   0   0   0   0  14 2 3 4 5 6 8 10 11 26 27 28 29 30 31 
   5   1   1   0   1   8 25 24 22 18 17 16 13 12 
  10   4   1   0   4   6 21 20 19 16 15 14 
   9   4   8   1   0   6 22 21 20 16 14 12 
   9   0   4   1   3   4 23 19 15 7 
   9   6   3   5   0   2 18 9 
   6   4   2   5   0   2 17 12 
  10   0   1   4   2   2 15 12 
   6   4   4   0   6   1 13 
   2   0   7   3   2   1 14 
   5   3   3   0   5   1 13 
  10   3   2   0   3   1 32
   1   3   0   4   5   1 32
   9   3   0   3   6   1 32
   5   3   7   0   5   1 32
   2   3   5   0   7   1 32
   3   0   3   4   3   1 32
   4   0   3   3   4   1 32
   4   4   0   5   5   1 32
   3   4   0   3   3   1 32
   9   3   2   5   0   1 32
   7   7   4   5   0   1 32
   6   5   0   4   5   1 32
   3   5   5   0   4   1 32
   3   4   0  10   3   1 32
   5   5   0   2   2   1 32
   5   4   0   6   3   1 32
   2   6   6   0   4   1 32
   7   4   7   4   0   1 32
   3   0   5   3   6   1 32
   3   4   5   0   5   1 32
   0   0   0   0   0   0 
