
  32    4
  10   10   10   10

   0   0   0   0   0  10 2 3 4 5 6 7 12 13 30 31 
   7   1   0   1   1  10 28 26 25 23 22 21 17 16 10 8 
   9   6   1   4   0   9 29 23 21 20 19 17 16 15 8 
   2   4   0   5   6   7 27 23 22 19 16 14 11 
   6   6   1   9   0   5 26 25 22 18 15 
   1   3   6   2   0   4 21 20 16 9 
   1   4   0   4   3   3 20 19 9 
   6   5   5   0   7   3 24 18 14 
   8   2   4   2   0   1 14 
   9   5   2   4   0   1 14 
   3   0   3   5   3   1 17 
   6   3   3   4   0   1 15 
   4   5   6   5   0   1 15 
   3   3   4   4   0   1 32
  10   0   4   3   4   1 32
   3   2   7   4   0   1 32
   7   0   3   4   3   1 32
   6   4   0   4   4   1 32
   5   3   4   2   0   1 32
   5   4   6   0   3   1 32
   7   0   2   6   3   1 32
   2   1   3   4   0   1 32
   9   3   3   0   6   1 32
   3   5   0   3   6   1 32
   7   8   2   3   0   1 32
   5   0   4   4   5   1 32
   9   6   0   7   3   1 32
   5   0  10   6   5   1 32
   5   0   6   3   4   1 32
   5   6   0   3   2   1 32
   8   3   3   3   0   1 32
   0   0   0   0   0   0 
