
  32    4
  10   10   10   10

   0   0   0   0   0  11 2 3 4 5 6 8 9 15 16 30 31 
  10   1   1   1   0  10 29 28 27 26 25 24 22 20 17 7 
   5   2   3   3   0   8 23 21 20 14 13 12 11 10 
   4   6   0   6   1  10 29 27 26 25 24 21 20 18 17 10 
   6   4   5   6   0   9 28 26 25 24 23 20 19 18 10 
   4   1   6   0   4   5 21 20 18 17 11 
   5   4   4   4   0   4 23 21 19 18 
  10   3   0   5   5   4 23 21 20 17 
   8   3   0   4   7   2 22 17 
   6   0   8   3   4   1 22 
   1   0   1   4   3   1 19 
  10   4   6   0  10   1 18 
   2   4   3   3   0   1 17 
   7   5   0   5   3   1 17 
   9   8   3   0   6   1 19 
   2   6   6   4   0   1 17 
   8   5   6   3   0   1 32
   6   0   4   7   2   1 32
   1   7   0   5   2   1 32
   8   3   4   0   2   1 32
   8   0   7   3   2   1 32
  10   3   2   0   3   1 32
  10   0   4   2   4   1 32
   3   0   3   4   3   1 32
   2   0   5   3   4   1 32
   8   3   0   4   5   1 32
   9   0   4   5   2   1 32
   9   2   0   5   5   1 32
   2   6   1   0   7   1 32
   5   2   2   4   0   1 32
   4   6   0   3   4   1 32
   0   0   0   0   0   0 
