
  32    4
  10   10   10   10

   0   0   0   0   0  10 2 3 4 5 6 7 12 13 30 31 
   4   0   1   1   1  10 28 26 25 23 22 21 18 17 10 8 
   5   0   7   7   2   9 29 23 21 20 18 17 16 15 8 
  10   1   3   4   0   8 27 23 22 20 17 16 14 11 
   4   2   4   0   3   5 26 25 22 19 15 
   7   3   0   4   1   4 21 17 16 9 
   3   0   5   5   4   3 20 16 9 
   4   1   3   5   0   3 24 19 14 
   2   3   0   2   4   1 14 
   9   5   0   2   4   1 14 
   2   0   7   5   7   1 18 
   2   5   5   0   3   1 15 
   2   6   0   3   4   1 15 
   1   4   3   3   0   1 32
   6   4   4   0   4   1 32
   9   7   2   4   0   1 32
   7   2   7   0   6   1 32
   1   4   6   0   5   1 32
   6   1   4   0   3   1 32
   4   2   0   4   9   1 32
   7   5   0   5   6   1 32
   5   6   3   0   5   1 32
   1   5   2   7   0   1 32
   9   0   3   4   3   1 32
   8   7   5   0   2   1 32
   8   0   4   5   9   1 32
   6   5   2   0   1   1 32
   5   5   5   4   0   1 32
   8   5   6   5   0   1 32
  10   3   1   2   0   1 32
   3   5   0   3   2   1 32
   0   0   0   0   0   0 
