
  32    4
  10   10   10   10

   0   0   0   0   0  12 2 3 4 5 6 7 11 12 28 29 30 31 
   8   1   1   0   1   8 27 20 19 17 16 14 13 10 
   8   0   3   1   4   7 26 23 18 15 14 13 8 
   7   6   4   0   5   8 25 24 22 21 19 16 15 13 
   1   3   2   6   0   7 23 22 21 19 18 17 13 
   3   4   2   3   0   3 20 15 9 
   7   1   0   3   3   3 18 17 16 
   6   4   4   3   0   2 17 16 
   1   6   9   0   3   1 14 
   1   3   3   4   0   1 15 
   8   0   6   5   3   1 13 
   9   6   0   2   4   1 14 
   6   2   4   0   5   1 32
   6   0   5   4   3   1 32
  10   6   0   5   6   1 32
   1   5   2   6   0   1 32
   1   5   3   0   3   1 32
   4   2   3   0   4   1 32
  10   2   3   5   0   1 32
   2   8   3   2   0   1 32
  10   0   3   6  10   1 32
  10   5   3   2   0   1 32
   2   4   4   0   2   1 32
   7   7   0   3   2   1 32
   6   2   0   6   5   1 32
   9   6   5   0   4   1 32
  10   3   4   0   6   1 32
   2   2   0   4   6   1 32
   5   3   5   0   4   1 32
   5   4   7   0   3   1 32
   5   0   8   6   2   1 32
   0   0   0   0   0   0 
