
  32    4
  10   10   10   10

   0   0   0   0   0  10 2 3 4 5 6 7 12 13 30 31 
   2   1   0   1   1  11 28 26 25 24 23 22 21 18 17 15 10 
   4   8   1   0   6   9 29 23 21 20 19 17 16 15 8 
   9   5   7   2   0   7 27 23 22 20 15 14 11 
   7   0   3   8   6   5 26 25 22 18 16 
   2   8   5   0   6   4 21 19 15 9 
   9   7   0   3   5   3 20 19 9 
   2   3   0   5   4   3 24 18 14 
   9   0   4   2   4   1 14 
   1   5   1   3   0   1 14 
   3   4   5   3   0   1 17 
  10   5   3   0   3   1 16 
   5   2   5   4   0   1 16 
   7   3   0   7   6   1 32
  10   3   4   0   3   1 32
   3   4   2   0   4   1 32
   4   0   5   2   4   1 32
   7   2   1   0   2   1 32
  10   0   4   8   7   1 32
   5   3   7   0   5   1 32
   1   3   4   0   5   1 32
   7   3   0   2   3   1 32
   1   0   3   6   3   1 32
   9   0   4   2   1   1 32
   4   1   0   2   3   1 32
   2   0   3   5   3   1 32
   9   0   4   1   4   1 32
  10   0   5   7   2   1 32
   5   0   8  10   5   1 32
   1   0   3   1   5   1 32
   7   6   5   0   4   1 32
   0   0   0   0   0   0 
