
  32    4
  10   10   10   10

   0   0   0   0   0  12 2 3 4 5 6 8 9 14 15 16 30 31 
   2   1   1   0   1   8 27 26 25 24 22 20 17 7 
   4   3   0   1   4  10 29 28 26 25 24 21 20 19 17 10 
   5   3   5   0   2   9 27 26 25 24 23 20 19 18 10 
   7   1   6   1   0   7 23 21 20 18 13 11 10 
   4   7   0   6   6   5 21 20 19 17 12 
   9   0   6   5   5   4 23 21 19 18 
   3   6   0   3   8   4 23 21 20 17 
   9   4   0   3   5   2 22 17 
   7   7   7   0   4   1 22 
   4   2   5   0   7   1 19 
   6   6   0   2   4   1 18 
   1   0   3   8   3   1 17 
   8   0   4   4   7   1 18 
   7   0   4   3   4   1 17 
   2   0   2   3   5   1 17 
   6   3   3   2   0   1 32
   9   4   0   5   1   1 32
   4   6   0   8   1   1 32
   9   2   5   0   3   1 32
   8   4   3   6   0   1 32
   7   3   1   4   0   1 32
  10   3   3   3   0   1 32
   8   9   7   3   0   1 32
   9   2   0   8   2   1 32
   2   0   4   3   5   1 32
   6   0   3   5   3   1 32
   7   3   0   3   3   1 32
  10   6   0   2   6   1 32
   1   6   3   0   3   1 32
  10   1   5   5   0   1 32
   0   0   0   0   0   0 
