
  32    4
  10   10   10   10

   0   0   0   0   0  11 2 3 4 5 6 8 9 15 16 30 31 
  10   1   1   1   0   9 29 28 27 26 25 23 20 17 7 
   7   6   0   5   1  11 29 27 26 25 24 22 21 20 18 17 10 
   1   3   2   3   0   8 22 21 20 14 13 12 11 10 
   7   6   3   0   1   9 28 26 25 24 22 20 19 18 10 
   3   3   0   4   4   5 21 20 18 17 11 
   8   0   5   2   4   5 24 22 21 19 18 
   2   7   2   2   0   4 22 21 20 12 
   2   3   4   0   3   2 23 17 
   7   6   0   6   4   1 23 
  10   5   3   2   0   1 19 
   4   2   7   0   6   1 17 
   5   3   3   0   7   1 18 
   5   3   3   0   3   1 17 
  10   6   6   0   1   1 19 
   6   3   5   6   0   1 17 
   2   6   3   0   4   1 32
   6   6   4   5   0   1 32
   2   0   2   5   7   1 32
   9   3   8   6   0   1 32
   9   2   4   0   4   1 32
  10   4   2   0   5   1 32
  10   1   6   0   5   1 32
   2   4   0   4   6   1 32
   5   2   0   4   2   1 32
   6   5   5   4   0   1 32
   4   0   5   4   2   1 32
   8   2   3   4   0   1 32
  10   6   0   6   3   1 32
   9   8   5   0   8   1 32
   3   2   5   3   0   1 32
   0   0   0   0   0   0 
