
  32    4
  10   10   10   10

   0   0   0   0   0  25 2 3 5 6 11 12 13 14 15 16 17 18 19 20 21 22 23 24 25 26 27 28 29 30 31 
   7   1   0   1   1   2 10 7 
   9   4   1   3   0   1 4 
   3   3   0   3   3   1 8 
   3   0   4   4   7   1 9 
   8   5   0   6   4   1 7 
   2   5   0   5   4   1 32
   1   0   6   6   1   1 32
   4   0   6   4   3   1 32
   6   0   5   5   5   1 32
   1   5   3   8   0   1 32
   8   8   2   0   2   1 32
   6   2   0   3   2   1 32
   4   0   4   3   6   1 32
   9   2   4   0   2   1 32
   9   3   0   3   7   1 32
   5   0   5   6   6   1 32
   8   3   2   0   4   1 32
   2   0   2   3   3   1 32
   8   4   4   5   0   1 32
   2   0   2   7  10   1 32
   8   7   0   2   2   1 32
   8   3   3   4   0   1 32
   6   2   6   1   0   1 32
   3   6   0   5   5   1 32
   6   3   0   4   3   1 32
   2   2   3   0   4   1 32
   9   5   0   3   6   1 32
   3   6   9   0   3   1 32
   5   5   0   3   2   1 32
   5   0   5   3   5   1 32
   0   0   0   0   0   0 
