
  32    4
  10   10   10   10

   0   0   0   0   0  10 2 3 4 5 6 7 12 13 30 31 
   1   1   1   0   1  10 28 26 25 23 22 21 18 17 10 8 
   6   3   0   1   2   9 29 23 22 20 18 17 16 15 8 
   5   5   2   0   6   8 27 23 21 20 17 16 14 11 
   8   0   4   5   6   5 27 22 17 16 9 
   4   0   5   2   5   5 26 25 21 19 15 
   3   4   0   3   3   3 20 16 9 
  10   3   3   0   3   3 24 19 14 
   3   6   2   0   6   1 14 
   7   4   2   4   0   1 14 
   4   4   0   4   5   1 18 
   7   2   6   1   0   1 15 
   7   3   0   7   9   1 15 
   5   0   2   4   4   1 32
   2   4   0   5   3   1 32
   6   5   2   0   3   1 32
   9   4   3   6   0   1 32
   5   6   7   0   3   1 32
   8   4   0   5   4   1 32
   6   2   3   1   0   1 32
   9   5   8   0   3   1 32
  10   4   0   5   3   1 32
   2   4   2   4   0   1 32
   4   8   6   0   4   1 32
   3   4   8   0   3   1 32
   9   0   6   9   4   1 32
   5   0   3   2   5   1 32
   5   4   3   0   3   1 32
   7   2   4   3   0   1 32
   2   0   5   5   3   1 32
   7   5   5   0   5   1 32
   0   0   0   0   0   0 
