
  32    4
  10   10   10   10

   0   0   0   0   0  21 2 3 4 7 8 16 17 18 19 20 21 22 23 24 25 26 27 28 29 30 31 
   7   0   1   1   1   3 15 14 5 
   1   1   0   3   5   2 10 6 
   5   7   0   5   4   2 13 9 
   4   0   7   2   2   1 12 
   3   0   6   5   4   1 11 
   1   3   0   5   5   1 10 
   9   6   5   3   0   1 9 
   1   0   1   9   4   1 32
   2   5   0   2   2   1 32
   1   4   0   4   2   1 32
   8   7   7   0   2   1 32
   3   1   7   5   0   1 32
   5   1   0   3   4   1 32
   6   0   5   4   7   1 32
   6   3   4   6   0   1 32
   4   6   3   0   7   1 32
   7   4   0   2   3   1 32
   2   0   6   4   4   1 32
   6   0   2   6   7   1 32
  10   0   2   5   1   1 32
   3   7   0   6   3   1 32
   9   0   3   3   4   1 32
   8   5   3   5   0   1 32
   4   5   5   2   0   1 32
  10   0   4   3   6   1 32
   2   4   2   0   5   1 32
   9   3   3   0   5   1 32
   5   1   4   0   5   1 32
   5   3   0   3   3   1 32
  10   0   4   4   5   1 32
   0   0   0   0   0   0 
