
  32    4
  10   10   10   10

   0   0   0   0   0  23 2 3 4 6 7 8 15 16 17 18 19 20 21 22 23 24 25 26 27 28 29 30 31 
  10   0   1   1   1   2 11 5 
   1   1   0   5   6   2 14 10 
   1   4   1   0   4   2 13 9 
  10   3   1   0   8   1 12 
   2   0   4   2   2   1 11 
   2   4   4   3   0   1 10 
   9   3   7   6   0   1 9 
   1   0   2   3   6   1 32
   3   6   4   2   0   1 32
  10   4   7   6   0   1 32
  10   1   5   5   0   1 32
  10   3   0   3   8   1 32
  10   3   0   8   2   1 32
   6   8   5   0   4   1 32
   8   5   2   0   5   1 32
   8   0   4   2   4   1 32
   9   5   0   2   5   1 32
   4   2   0   8   5   1 32
   5   7   0   3   3   1 32
   4   0   6   3   3   1 32
   3   0   3   3   2   1 32
   8   0   3   4   4   1 32
   9   3   5   6   0   1 32
   6   8   0   2   4   1 32
   5   0   2   5   3   1 32
   1   6   7   0   3   1 32
   3   2   8   0   6   1 32
   9   4   3   4   0   1 32
   5   4   0   6   2   1 32
   9   2   4   0   2   1 32
   0   0   0   0   0   0 
