
  32    4
  10   10   10   10

   0   0   0   0   0  14 2 3 4 6 9 10 11 25 26 27 28 29 30 31 
   1   0   1   1   1   5 24 23 22 18 8 
  10   1   3   0   5   4 21 15 13 5 
   2   3   4   4   0   3 20 16 7 
   8   5   0   6   3   2 17 14 
  10   0   2   3   4   2 19 14 
   7   3   4   0   2   1 12 
  10   5   0   3   2   1 13 
   1   4   2   3   0   1 16 
   6   4   3   0   5   1 15 
  10   2   4   1   0   1 12 
   6   2   0   7   3   1 32
   6   2   2   0   7   1 32
   6   3   3   2   0   1 32
   7   8   5   0   5   1 32
   3   6  10   0   3   1 32
   4   0   5   7   7   1 32
   6   0   6   3   4   1 32
   4   4   5   1   0   1 32
   6   0   3   5   2   1 32
   6   0   3   2   6   1 32
   6   0   5   3   7   1 32
   6   2   0   5   4   1 32
   6   0   5   2   1   1 32
   1   4   6   8   0   1 32
   3   0   2   3   3   1 32
   2   5   3   0   8   1 32
   2   7   4   0   2   1 32
   9   0   4   6   2   1 32
   3   0   6   8   4   1 32
   6   6   0   5   6   1 32
   0   0   0   0   0   0 
