
  32    4
  10   10   10   10

   0   0   0   0   0  12 2 4 5 6 7 8 10 11 12 13 16 18 
   5   1   1   0   1   5 30 28 21 15 3 
   3   2   0   1   4   6 31 29 27 22 17 9 
  10   0   5   7   6   6 27 22 21 20 17 14 
   4   2   0   4   3   7 30 29 27 26 25 21 19 
   5   0   1   3   3   5 28 25 21 20 14 
   8   3   0   5   9   5 27 25 21 20 14 
   6   4   4   0   1   4 28 22 21 17 
  10   4   4   0   1   3 25 20 14 
   2   6   6   0   6   2 29 14 
   1   6   3   4   0   4 31 28 23 21 
   4   5   4   0   3   4 30 27 24 19 
   6   0   7   2   5   4 26 25 24 19 
   3   0   4   5   3   3 26 24 19 
   7   2   4   0   3   3 25 23 20 
   6   4   7   2   0   3 26 25 20 
   1   7   3   4   0   3 25 24 23 
   4   3   2   0   4   2 25 23 
   4   4   5   0   6   1 23 
   2   2   3   0   4   1 24 
   5   6   6   5   0   1 24 
  10   4   3   4   0   1 23 
   7   4   5   0   6   1 32
   3   3   1   0   3   1 32
   1   4   5   0   3   1 32
   2   0   3   5   4   1 32
  10   2   3   0   5   1 32
   9   6   4   0   2   1 32
   9   4   5   0   4   1 32
   8   5   0   5   5   1 32
   7   7   6   0   6   1 32
   0   0   0   0   0   0 
