
  32    4
  10   10   10   10

   0   0   0   0   0   8 2 3 4 6 8 10 12 14 
   4   1   1   0   1   5 18 17 16 9 5 
   2   4   0   1   6   9 31 29 24 21 20 19 17 15 13 
   1   6   5   6   0   5 24 16 15 13 7 
   1   4   5   2   0   6 31 30 24 21 20 11 
   3   0   3   3   2   6 29 24 20 18 17 13 
   2   5   0   5   6   8 30 29 28 23 22 21 20 19 
   2   2   0   1   3   6 31 29 24 23 20 15 
  10   5   0   2   6   6 31 30 29 28 20 19 
   2   6   4   5   0   4 31 29 24 15 
   3   0   5   3   5   3 23 19 15 
   9   4   0   5   4   2 22 17 
   1   6   0   7   4   4 28 26 23 22 
   9   4   2   4   0   1 15 
   7   3   0   4   4   4 28 26 25 22 
  10   3   5   0   3   4 29 27 26 23 
   2   2   5   4   0   4 30 28 26 25 
   2   3   7   0   5   1 19 
   7   4   3   4   0   3 27 26 25 
   1   5   5   3   0   3 27 26 25 
   9   5   2   0   3   2 27 25 
   3   6   3   6   0   1 27 
   3   0   2   4   5   1 25 
   7   4   0   4   5   1 26 
   8   0   4   5   4   1 32
  10   2   3   0   5   1 32
   2   4   0   2   4   1 32
   1   3   6   7   0   1 32
   7   0   6   5   3   1 32
  10   4   0   5   2   1 32
   4   5   4   3   0   1 32
   0   0   0   0   0   0 
