
  32    4
  10   10   10   10

   0   0   0   0   0   7 2 3 4 5 10 13 14 
   3   1   1   0   1   4 17 15 9 6 
   5   7   4   0   1   6 31 21 16 15 12 8 
   7   3   0   1   2   3 18 12 7 
   7   6   2   2   0   7 30 22 21 20 18 17 12 
   3   3   5   0   4   6 31 29 22 21 20 11 
   9   4   0   3   7   7 31 30 24 22 21 20 16 
   5   7   2   3   0   8 30 29 28 24 23 22 20 19 
   3   7   4   0   5   6 31 30 23 20 19 18 
  10   5   1   0   3   4 31 30 21 16 
   1   2   7   0   3   3 24 19 16 
   4   2   5   5   0   4 28 24 23 19 
   1   3   0   5   7   2 23 18 
   1   4   0   5   4   2 24 16 
   4   0   5   6   7   3 30 24 19 
   2   2   4   0   5   4 28 26 25 23 
   8   4   0   3   5   2 29 19 
   9   2   0   5   4   4 29 28 26 25 
   6   6   5   3   0   3 27 26 25 
   8   4   0   5   2   3 27 26 25 
   7   2   7   0   7   2 26 25 
   7   4   0   5   3   2 27 25 
   6   0   4   6   2   1 27 
   3   7   0   5   3   1 25 
   6   0   6   5   5   1 32
  10   5   0   1   5   1 32
   9   0   2   4   2   1 32
   2   4   3   4   0   1 32
   3   2   5   0   7   1 32
   6   2   5   4   0   1 32
   8   6   3   0   2   1 32
   0   0   0   0   0   0 
