
  32    4
  10   10   10   10

   0   0   0   0   0   3 2 30 31 
   5   1   0   1   1   1 3 
   8   5   0   5   6   2 23 4 
   3   6   0   9   5   1 5 
   8   3   1   0   6   3 29 16 6 
   4   6   4   4   0   1 7 
   9   2   0   3   5   3 28 11 8 
  10   0   4   3   3   3 27 15 9 
   8   3   2   4   0   2 18 10 
   7   3   7   7   0   2 26 12 
  10   4   4   2   0   2 27 15 
   7   6   6   1   0   1 13 
   2   1   2   0   3   1 14 
   4   2   4   9   0   1 17 
   9   5   3   0   2   1 17 
   7   7   4   9   0   1 17 
   2   9   0   3   5   1 19 
   9   4   4   0   4   1 19 
   2   1   2   3   0   1 20 
   9   0   2   2   3   1 21 
   1   1   0   3   3   2 24 22 
   3   0   6   3   3   1 25 
  10   5   6   0   5   1 24 
   5   0   2   5   2   1 32
   7   6   0   2   3   1 32
  10   0  10   3   4   1 32
   3   0   6   7   4   1 32
   4   5   2   2   0   1 32
   7   0   5   2   7   1 32
  10   2   3   0   4   1 32
   9   5   3   0   6   1 32
   0   0   0   0   0   0 
