
  32    4
  10   10   10   10

   0   0   0   0   0  12 2 4 6 7 8 9 11 12 15 16 21 22 
   9   1   0   1   1   6 31 29 28 20 14 3 
   5   3   1   0   5   5 30 27 18 13 5 
   7   3  10   5   0   5 27 26 18 17 13 
   5   0   3   8   2   4 26 25 19 10 
   6   6   5   4   0   4 28 25 20 18 
  10   0   4   3   4   5 29 26 25 24 23 
   3   4   3   0   4   2 30 10 
   1   4   0   5   3   3 29 27 23 
   1   2   2   0   3   2 24 17 
   5   6   0   6   4   2 31 20 
   5   6   2   0   5   2 25 19 
   8   3   9   0   6   2 25 23 
   8   4   0   4   7   2 24 23 
   1   0   5   5   3   2 28 25 
   1   7   2   0   4   2 26 23 
   9   3   3   3   0   1 23 
   1   0   5   5   4   1 23 
   3   0   1   3   6   1 24 
   2   3   4   4   0   1 24 
   7   2   3   0   3   1 26 
   4   8   0   3   3   1 25 
   2   6   2   8   0   1 32
   6   1   0   3   6   1 32
   5   5   3   4   0   1 32
   9   2   5   0   2   1 32
   4   3   0   2   3   1 32
  10   5   6   2   0   1 32
   6   3   3   2   0   1 32
   4   6   3   4   0   1 32
   5   0   8   4   6   1 32
   0   0   0   0   0   0 
