
  32    4
  10   10   10   10

   0   0   0   0   0   3 2 8 20 
   9   1   1   0   1   1 3 
   5   5   0   1   4   1 4 
   9   4   5   8   0   2 11 5 
   6   0   4   4   4   1 6 
   7   4   0   3   5   1 7 
   6   4   7   0   2   2 25 9 
   1   8   2   1   0   2 25 9 
   5   5   4   2   0   1 10 
   1   0   2   5   5   1 12 
   3   2   0   5   2   1 12 
   1   3   2   8   0   2 23 13 
   3   4   4   2   0   1 14 
   3   4   0   5   6   1 15 
   3   3   4   0   7   1 16 
   4   0   8   3   2   1 17 
   1   7   7   0   2   1 18 
   3   5   4   5   0   1 19 
   6   4   3   0   4   1 21 
  10   0   4   4   4   1 21 
   3   4   0   2   5   1 22 
   5   2   0   4   3   2 31 24 
   7   3   0   6   7   2 31 24 
   5   3   3   2   0   1 26 
   4   0   5   5   4   1 26 
   8   3   0   5   4   1 27 
   6   3   0   5   7   1 28 
   3   3   3   0   4   1 29 
   2   6   6   3   0   1 30 
  10   6   2   3   0   1 32
  10   0   4   5   2   1 32
   0   0   0   0   0   0 
