
  32    4
  10   10   10   10

   0   0   0   0   0   3 2 13 25 
   4   1   1   1   0   1 3 
   5   0   6   3   1   2 21 4 
   4   4   8   4   0   1 5 
   2   5   2   7   0   3 31 11 6 
   9   5   3   0   4   1 7 
   2   0   4   5   7   3 30 12 8 
   6   0   4   2   5   2 14 9 
   5   5   0   7   3   3 19 17 10 
   1   4   0   1   4   2 29 15 
   3   4   0   3   5   2 17 16 
   7   6   2   5   0   1 14 
   1   2   2   5   0   1 14 
   7   0   4   3   3   2 19 18 
  10   2   5   0   4   1 16 
   1   0   2   4   6   1 18 
  10   8   5   0   7   1 18 
   4   3   0   4   7   1 20 
   1   0   3   6   4   1 20 
   6   4   6   7   0   1 22 
   1   4   0   3   3   1 22 
   9   7   2   0   4   1 23 
   7   5   4   0   2   1 24 
   7   5   5   6   0   2 28 26 
   5   2   7   0   2   2 28 26 
   4   6   4   3   0   1 27 
   3   0   3   5   1   1 32
   1   3   0   4   5   1 32
   8   3   0   2   3   1 32
   8   2   4   0   4   1 32
   8   2   6   2   0   1 32
   0   0   0   0   0   0 
