
  32    4
  10   10   10   10

   0   0   0   0   0   1 2 
   6   0   1   1   1   1 3 
   3   1   5   0   5   1 4 
   6   2   0   5   2   1 5 
   1   2   3   2   0   1 6 
   8   7   0   2   3   1 7 
   8   5   0   6   5   1 8 
   5   0   5   2   2   1 9 
   6   4   4   0   3   2 12 10 
   6   2   5   3   0   1 11 
   3   6   0   5   2   1 13 
   5   9   4   0  10   1 13 
   3   6   2   0   5   1 14 
   9   4   0   3   4   1 15 
   1   0   4   6   4   1 16 
   8   4   4   3   0   1 17 
   8   0   6   7   5   1 18 
   7   0   4   6   8   2 23 19 
   6   3   0   2   4   1 20 
   4   4   0   5   4   1 21 
  10   3   9   3   0   1 22 
   6   4   2   5   0   2 28 24 
   3   2   6   0   5   2 28 24 
   5   3   0   5   4   1 25 
   9   5   4   0   6   1 26 
   8   6   1   6   0   1 27 
   8   0   3   4   2   1 29 
  10   5   3   0   4   1 29 
   6   3   4   0   5   1 30 
   4   2   0   3   2   1 31 
   6   0   5   4   1   1 32
   0   0   0   0   0   0 
