
  32    4
  10   10   10   10

   0   0   0   0   0   2 2 5 
   2   1   0   1   1   1 3 
  10   2   1   0   4   1 4 
   4   6   4   0   2   1 6 
   4   0   5   4   3   1 6 
   7   3   3   0   2   2 8 7 
   9   0   2   3   5   2 12 9 
   8   5   1   0   6   2 12 11 
   1   5   2   0   3   1 10 
   4   5   7   0   4   1 11 
   8   3   5   0   9   1 13 
   7   9   2   0   4   1 13 
   7   0   8   5   5   2 17 14 
   8   4   3   0   3   1 15 
   5   0   4   6   4   1 16 
   6   0   3   4   4   2 19 18 
  10   0   6   6   2   2 19 18 
   5   2   0   4   6   1 20 
   9   4   2   0   3   1 20 
   7   0   4   2   5   1 21 
   6   4   0   4   4   1 22 
   8   4   5   4   0   1 23 
   2   2   5   0   3   1 24 
   2   4   5   2   0   1 25 
   3   4   0   3   5   2 28 26 
   4   8   3   0   3   1 27 
   8   4   0   6   2   1 29 
   7   0   8   6   5   1 29 
   8   1   2   0   4   1 30 
   9   0   5   5   6   1 31 
   6   0   5   3   5   1 32
   0   0   0   0   0   0 
