
  32    4
  10   10   10   10

   0   0   0   0   0   3 2 8 11 
   2   1   1   0   1   1 3 
   7   1   3   1   0   2 21 4 
   5   6   6   4   0   1 5 
  10   0   4   3   7   3 28 10 6 
   4   3   0   5   1   1 7 
   3   0   3   3   5   3 23 14 9 
   2   7   0   6   7   3 23 14 12 
   8   4   3   4   0   2 17 12 
   4   2   4   4   0   2 17 12 
   9   3   3   4   0   2 17 12 
   4   4   3   3   0   2 15 13 
   9   0   3   1   4   2 31 16 
   7   4   6   0   7   2 17 15 
   2   3   6   0   2   1 18 
   1   4   3   7   0   1 19 
   5   4   0   3   2   1 18 
   1   0   5   5   3   1 20 
   6   0   5   4   3   1 20 
   1   5   3   2   0   1 22 
   9   0   3   6   6   1 22 
   8   5   5   0   6   1 24 
   6   0   4   4   2   1 24 
   8   8   3   0   2   1 25 
   6   6   5   6   0   1 26 
   1   2   4   5   0   2 30 27 
   9   0   4   4   5   1 29 
   2   3   7   0   4   1 29 
  10   0   3   4   7   1 32
   4   4   0   4   1   1 32
   9   5   5   0   5   1 32
   0   0   0   0   0   0 
