
  32    4
  10   10   10   10

   0   0   0   0   0   3 2 7 20 
  10   1   1   1   0   1 3 
   2   0   2   5   1   1 4 
   6   4   0   5   2   1 5 
   9   7   4   0   5   2 11 6 
   5   7   3   0   5   1 8 
   7   5   5   0   5   1 8 
   8   4   0   6   4   1 9 
   4   4   0   3   8   2 24 10 
   3   3   4   5   0   1 12 
   9   2   4   3   0   1 12 
   6   3   6   5   0   1 13 
   3   0   3   5   3   1 14 
   1   0   4   5   1   2 22 15 
   5   0   5   4   4   1 16 
  10   0   2   2   7   1 17 
   5   3   4   0   5   1 18 
   6   5   4   0   5   1 19 
   2   0   6   3   3   1 21 
   8   0   2   4   3   1 21 
   9   1   8   3   0   1 23 
   1   0   1   2   5   1 23 
   2   7   0   3   5   2 31 25 
   6   4   5  10   0   1 25 
   2   0   7   3   4   1 26 
   2   4   0   5   3   1 27 
   4   6   2   0   6   1 28 
   4   4   0   3   1   1 29 
   6   0   4   5   3   1 30 
   4   2   7   0   3   1 32
   2   0   3   2   5   1 32
   0   0   0   0   0   0 
