
  32    4
  10   10   10   10

   0   0   0   0   0   5 2 4 10 11 13 
   2   0   1   1   1   2 21 3 
   7   1   4   7   0   3 17 14 5 
   6   0   4   3   2   4 21 17 14 6 
   4   0   3   6   2   3 31 9 7 
   2   0   4   5   5   4 31 30 12 9 
   6   5   5   5   0   2 20 8 
   8   5   0   4   6   4 30 27 19 12 
   9   4   6   0   2   6 28 27 26 20 19 15 
   8   4   5   2   0   2 27 12 
   8   4   0   4   4   4 27 23 17 14 
   7   0   2   4   8   5 28 25 24 23 16 
  10   0   5   5   5   3 23 21 15 
  10   2   5   0   5   2 29 15 
   4   3   3   3   0   3 25 24 22 
   9   4   0   4   5   2 22 18 
   4   4   2   0   6   2 29 22 
   8   5   7   1   0   1 26 
   6   5   3   0   3   1 23 
   5   3   5   5   0   1 23 
   4   6   0   3   4   1 29 
   2   0   3   6   1   1 32
   9   6   2   0   3   1 32
   8   3   2   0   5   1 32
   5   2   0   3   4   1 32
   6   6   0   5   4   1 32
   3   3   3   0   6   1 32
   4   5   6   4   0   1 32
   4   3   6   0   5   1 32
  10   4   6   0   2   1 32
   4   5   0   4   4   1 32
   0   0   0   0   0   0 
