
  32    4
  10   10   10   10

   0   0   0   0   0   3 2 3 8 
   7   1   2   1   0   2 13 4 
   1   0   1   3   1   2 13 4 
   2   7   2   3   0   2 9 5 
   1   0   7   5   2   2 10 6 
   7   3   0   5   6   1 7 
   8   0   5   3   3   3 17 14 11 
   1   4   3   1   0   2 13 10 
   2   6   8   4   0   1 10 
  10   4   0   3   3   2 17 12 
   9   6   0   5   6   1 12 
   2   0   2   4   3   3 21 19 15 
   9   4   3   0   4   2 17 15 
   8   0   5   3   7   2 21 16 
   3   6   0   8   5   1 16 
   2   2   4   2   0   2 24 18 
   6   0   3   5   9   2 21 18 
   4   0   4   6   4   1 20 
   6   0   2   6   3   1 20 
  10   6   4   5   0   1 22 
   7   5   6   0   2   1 22 
   7   1   5   5   0   2 26 23 
   6   2   1   0   4   5 31 30 29 27 25 
   3   2   4   0   3   2 27 25 
   6   3   4   8   0   1 28 
   4   5   3   2   0   1 27 
   9   4   7   5   0   1 32
   5   6   3   3   0   1 32
   3   3   3   4   0   1 32
   8   0   3   4   3   1 32
   4   0  10   1   4   1 32
   0   0   0   0   0   0 
