
  32    4
  10   10   10   10

   0   0   0   0   0   4 2 3 5 9 
   5   0   1   1   1   2 7 4 
   2   1   5   0   3   3 14 8 6 
   8   0   4   5   2   3 14 10 6 
   7   0   5   5   6   2 10 7 
   1   3   0   6   4   3 17 13 11 
   9   0   3   2   3   4 16 15 14 13 
   6   3   5   0   5   2 19 10 
  10   4   4   4   0   2 19 10 
  10   0   5   6   4   2 18 12 
   3   0   5   3   3   2 19 12 
   9   5   2   3   0   3 22 16 15 
   7   6   5   0   2   3 22 19 18 
   4   4   4   0   2   4 31 29 19 17 
   1   3   5   3   0   4 30 29 21 20 
   5   3   0   4   6   7 31 30 29 28 25 24 23 
   9   2   4   0   3   4 28 25 24 23 
   4   0   5   5   6   3 29 26 21 
   3   0   8   3   6   2 30 20 
   9   3   1   3   0   3 27 25 24 
   9   0   3   5   4   3 31 28 27 
   6   0   2   5   8   3 30 29 26 
   1   6   0   3   3   2 27 26 
   8   3   7   1   0   1 26 
   4   7   3   0   2   1 26 
   2   3   3   2   0   1 32
   5   3   2   9   0   1 32
   4   7   2   7   0   1 32
   5   4   0   4   5   1 32
   3   5   5   0   6   1 32
   7   5   6   3   0   1 32
   0   0   0   0   0   0 
