
  32    4
  10   10   10   10

   0   0   0   0   0  12 2 4 6 7 8 9 11 12 15 16 17 22 
   5   0   1   1   1   6 31 29 28 21 14 3 
   6   0   5   5   2   5 30 27 19 13 5 
   6   1   4   3   0   5 27 26 19 18 13 
   4   4   4   4   0   4 26 25 20 10 
   7   3   0   3   4   4 28 21 19 13 
   4   7   4   3   0   5 29 26 25 24 18 
   1   5   0   2   8   2 30 10 
   8   3   0   8   6   3 29 27 23 
  10   0   4   8   2   2 24 18 
   6   3   0   7   3   2 31 21 
   6   4   0   2   5   2 25 20 
   4   6   2   1   0   2 25 23 
  10   6   8   0   5   2 24 23 
   8   0   4   2   3   2 28 25 
   9   6   0   6   5   2 26 24 
  10   0   1   9   1   2 26 23 
   1   0   5   6   7   1 23 
   4   7   0   3   5   1 23 
  10   5   0   3   3   1 24 
   9   3   4   5   0   1 24 
   7   3   3   0   5   1 25 
   3   2   0   2   3   1 32
   4   3   4   1   0   1 32
   1   3   7   0   6   1 32
   5   5   0   3   2   1 32
   5   0   8   5   1   1 32
   7   0   2   3   4   1 32
   8   0   1   3   3   1 32
   8   2   0   3   8   1 32
   1   3   5   7   0   1 32
   0   0   0   0   0   0 
