
  32    4
  10   10   10   10

   0   0   0   0   0   2 2 31 
   5   1   1   0   1   1 3 
   7   0   2   1   2   2 30 4 
  10   3   6   0   2   1 5 
   9   5   0   4   3   1 6 
   3   6   3   4   0   1 7 
   7   3   0   5   6   1 8 
   3   5   1   0   4   1 9 
   8   7   3   2   0   1 10 
   4   0   5   3   3   1 11 
   4   0   4   3   1   1 12 
   7   0   7   4   4   1 13 
   1   3   0   4   6   1 14 
  10   4   6   0   3   1 15 
   2   2   0   4   6   1 16 
   8   4   0   4   6   1 17 
   1   4   2   6   0   1 18 
  10   5   2   0   2   2 29 19 
   8   8   4   0   7   1 20 
   5   5   0   5   2   1 21 
   8   0   3   8   9   1 22 
   9   0   4   4   5   1 23 
   5   6   7   3   0   1 24 
   9   6   4   0   3   1 25 
   2   4   0   4   6   1 26 
  10   3   8   5   0   1 27 
   1   2   1   0   2   1 28 
   7   2   3   0   5   1 32
   1   4   0   3   4   1 32
   7   3   6   4   0   1 32
   5   1   6   0   4   1 32
   0   0   0   0   0   0 
