
  32    4
  10   10   10   10

   0   0   0   0   0  11 2 4 5 6 7 9 10 11 12 13 17 
   6   1   1   1   0   5 29 20 19 16 3 
   7   2   0   1   1   5 31 30 28 23 8 
   5   0   6   3   5   7 29 28 23 22 19 18 15 
   6   2   2   0   3   6 28 23 19 18 15 14 
   8   0   5   4   6   6 30 27 22 21 20 19 
  10   4   2   0   3   4 29 22 19 15 
   8   0   5   6   3   3 22 18 15 
   1   6   7   2   0   5 31 29 27 25 19 
   2   5   0   5   3   4 29 23 19 18 
   1   4   5   4   0   3 27 21 20 
   6   3   3   4   0   2 30 15 
   5   5   6   8   0   2 26 15 
  10   5   7   0   2   4 27 26 25 22 
   5   3   2   6   0   3 27 24 21 
   3  10   5   0   2   3 26 25 22 
   8   2   4   0   4   1 18 
   4   4   2   0   5   3 26 25 24 
   6   3   2   3   0   2 26 24 
   6   4   5   0   6   2 28 24 
   9   8   5   4   0   1 25 
   7   5   0   3   6   1 24 
   2   0   7   3   5   1 25 
   8   7   0   6   4   1 32
   8   0   2   3   6   1 32
  10   1   3   4   0   1 32
  10   4   0   7   3   1 32
   6   2   0   2   1   1 32
   8   0   5   5   4   1 32
   6   4   1   4   0   1 32
   5   2   0   4   8   1 32
   0   0   0   0   0   0 
