
  32    4
  10   10   10   10

   0   0   0   0   0   5 2 3 4 8 11 
   9   1   0   1   1   2 15 5 
  10   2   1   0   2   4 15 13 10 7 
   6   6   2   5   0   4 15 12 10 9 
   8   4   0   5   4   2 10 6 
  10   0   2   4   2   3 18 12 9 
   9   0   6   9   1   3 18 14 12 
   4   4   5   4   0   2 13 10 
   6   4   3   0   2   3 17 16 13 
   9   4   5   3   0   4 24 19 16 14 
   6   5   2   2   0   2 16 13 
   9   0   6   4   4   5 30 24 20 19 17 
   2   0   3   4   5   3 29 24 14 
   1   0   6   4   4   6 31 30 27 22 21 20 
   6   0   1   3   4   4 30 20 18 17 
   2   0   5   4   8   4 29 27 26 25 
  10   0   5   9   6   3 27 25 22 
   8   2   5   4   0   3 29 25 22 
   2   0   2   2   2   2 31 21 
   7   4   5   0   8   2 25 23 
  10   0   2   4   4   2 28 25 
   9   4   5   0   3   1 26 
   3   0   4   7  10   1 26 
   5   0   5   5   6   1 27 
   2   5   4   0   2   1 32
   9   6   0   5   5   1 32
   9   1   6   4   0   1 32
   1   0   5   2   1   1 32
   6   6   5   4   0   1 32
   4   7   0   1   4   1 32
   5   3   4   1   0   1 32
   0   0   0   0   0   0 
