
  32    4
  10   10   10   10

   0   0   0   0   0   1 2 
   5   1   1   0   1   2 8 3 
   9   6   6   0   2   3 31 13 4 
   4   0   7   1   3   1 5 
   6   3   4   0   8   1 6 
   9   0   3   4   1   2 30 7 
   2   6   0   4   7   2 18 9 
  10   3   0   5   5   1 9 
   4   4   2   0   5   1 10 
   3   4   3   0   3   1 11 
   5   0   8   2   4   3 29 24 12 
   1   3   3   0   2   1 14 
   4   2   3   0   3   2 30 16 
   1   5   2   4   0   1 15 
  10   5   0   5   1   1 16 
   3   0   7   5   5   1 17 
   4   8   3   2   0   2 28 19 
   2   6   0   3   5   2 28 19 
   4   0   6   5   7   2 27 20 
   4   0   3   1   3   1 21 
   4   6   0   5   4   1 22 
   5   0   5   4   1   1 23 
   7   4   0   4   8   1 25 
   6   5   2   0   6   1 25 
   3   2   2   0   4   1 26 
   5   0   7   9   5   1 32
   2   3   0   5   2   1 32
   7   4   2   0   5   1 32
   1   2   4   4   0   1 32
   4   4   4   0   4   1 32
   4   2   5   0   4   1 32
   0   0   0   0   0   0 
