
  32    4
  10   10   10   10

   0   0   0   0   0   1 2 
  10   1   1   0   1   2 7 3 
   5   2   5   1   0   2 11 4 
  10   1   6   3   0   2 14 5 
   5   0   6   6   4   1 6 
   8   3   1   3   0   2 22 8 
   8   5   4   0   3   1 8 
   3   4   4   0   5   1 9 
   3   4   5   8   0   2 16 10 
   2   0   4   1   6   1 12 
   9   5   2   5   0   3 22 20 15 
   4   0   6   3   4   2 20 13 
   7   7   4   0   2   1 15 
   4   2   4   0   5   3 27 20 18 
   6   4   0   2   6   2 27 17 
   8   4   1   3   0   2 27 18 
   9   0   5   7   6   1 18 
   3   5   6   0   4   1 19 
   4   8   4   5   0   2 31 21 
   2   4   0   2   4   3 31 29 23 
   9   4   5   3   0   2 29 23 
   3   6   3   5   0   2 29 25 
   8   3   5   5   0   1 24 
   5   3   5   3   0   1 25 
   4   4   0   4   2   1 26 
   3   5   5   3   0   1 28 
  10   4   0   5   3   1 28 
   3   2   3   0   6   1 30 
   4   6   6   5   0   1 30 
   8   4   3   3   0   1 32
   2   0   1   7   3   1 32
   0   0   0   0   0   0 
