
  32    4
  10   10   10   10

   0   0   0   0   0   8 2 3 4 6 8 10 12 14 
   4   1   1   0   1   5 18 17 16 9 5 
   4   0   6   1   3   9 31 29 24 21 20 19 17 15 13 
   1   1   1   0   3   5 24 16 15 13 7 
   1   4   0   4   5   6 31 30 24 21 20 11 
  10   5   5   3   0   6 29 24 20 19 17 13 
   9   0   4   4   7   8 30 29 28 23 22 21 20 19 
   4   2   0   6   6   5 31 29 23 20 15 
  10   5   3   0   7   6 31 30 29 28 20 19 
   1   5   4   4   0   4 31 29 24 15 
  10   4   6   0   2   3 23 19 15 
   4   9   3   2   0   2 22 17 
   1   4   4   0   5   4 28 26 23 22 
   6   0   2   3   2   1 15 
   3   6   5   2   0   4 28 26 25 22 
   4   3   4   7   0   4 29 27 26 23 
   3   3   4   6   0   4 30 28 26 25 
  10   2   0   5   6   1 19 
   5   4   6   5   0   3 27 26 25 
   7   5   0   3   1   3 27 26 25 
   1   0   3   3   5   2 27 25 
  10   5   0   5   1   1 27 
   4   8   4   0   5   1 25 
   1   3   0   4   3   1 26 
   6   1   9   0   3   1 32
  10   6   2   0   3   1 32
   1   6   0   6   5   1 32
   8   0   5   5   4   1 32
   9   2   4   3   0   1 32
   6   0   2   3   6   1 32
   1   2   5   0   5   1 32
   0   0   0   0   0   0 
