
  32    4
  10   10   10   10

   0   0   0   0   0  12 2 4 5 6 7 9 10 11 12 13 16 17 
   2   1   1   1   0   5 30 28 19 15 3 
   8   4   3   4   0   5 31 29 27 22 8 
   9   4   6   2   0   6 27 22 21 19 18 14 
   3   0   5   7   1   6 28 27 22 21 19 14 
  10   3   4   7   0   7 30 29 27 26 21 20 19 
   9   0   3   3   2   4 28 21 19 14 
   5   6   4   0   3   3 21 18 14 
   7   0   6   4   4   4 28 22 19 18 
   8   4   5   0   7   4 31 28 24 19 
   1   4   0   5   4   2 29 14 
   6   6   0   4   4   4 30 27 23 20 
   6   1   0   2   1   4 26 25 23 20 
  10   0   1   6   2   3 26 23 20 
   9   7   4   0   3   3 25 24 21 
   3   8   3   5   0   3 26 25 21 
   8   4   4   0   5   1 18 
   7   6   0   1   5   3 25 24 23 
   1   3   0   4   5   2 25 23 
   3   1   0   2   4   1 24 
   6   0   5   6   4   1 23 
   1   4   5   0   8   1 24 
   7   3   0   7   2   1 32
   5   5   4   0   4   1 32
   9   4   2   0   7   1 32
   4   3   0   4   3   1 32
   4   0   4   2   5   1 32
   4   6   6   0   3   1 32
   9   2   5   0   6   1 32
   9   4   4   0   5   1 32
   3   3   0   4   3   1 32
   0   0   0   0   0   0 
