
  32    4
  10   10   10   10

   0   0   0   0   0   5 2 4 6 8 11 
   4   1   1   1   0   2 15 3 
   9   0   5   2   1   2 10 5 
  10   0   4   1   4   3 15 10 7 
   3   0   2   7   1   3 31 12 9 
   8   4   6   7   0   4 16 15 13 10 
   2   5   3   0   3   4 31 28 14 12 
   1   0   5   5   1   2 13 10 
   2   3   0   3   6   3 17 16 13 
   5   0   3   4   3   4 22 19 17 14 
   2   4   5   0   3   1 13 
  10   4   2   0   3   6 30 29 22 19 18 16 
   2   0   5   5   7   3 28 22 14 
  10   0   3   4   3   6 30 29 26 24 20 18 
   8   2   0   3   4   4 28 26 25 24 
   3   0   2   6   4   3 26 24 23 
   5   9   4   0   6   3 28 24 23 
   6   0   3   6   4   2 23 21 
   3   0   2   3   5   1 20 
   7   0   6   4   4   2 27 23 
   7   3   5   4   0   1 25 
   7   0   5   5   8   1 24 
   6   6   3   0   5   1 32
   5   0   5   3   7   1 32
   7   3   0   3   2   1 32
   4   3   1   1   0   1 32
   3   0   7   4   6   1 32
   8   0   7   9   3   1 32
   5   6   0   3   6   1 32
   2   3   7   0   3   1 32
  10   0   3   3   2   1 32
   0   0   0   0   0   0 
