
  32    4
  10   10   10   10

   0   0   0   0   0   7 2 3 4 5 10 12 13 
   5   1   0   1   1   4 17 15 9 6 
   4   0   2   7   4   6 31 21 16 15 14 8 
   5   0   1   1   4   4 19 18 14 7 
   4   0   3   4   4   7 30 22 21 20 18 17 14 
   3   4  10   3   0   6 31 29 22 21 20 11 
   3   4   4   6   0   7 31 30 24 22 21 20 16 
  10   6   5   0   6   8 30 29 28 24 23 22 20 19 
  10   1   5   5   0   6 31 30 23 20 19 18 
   5   2   0   2   6   4 31 30 21 16 
   4   6   4   5   0   3 24 19 16 
   8   1   4   0   4   2 23 18 
   4   5   3   5   0   2 24 16 
   6   0   4   4   8   4 28 26 24 23 
   2   3   6   0   3   3 30 24 19 
   7   3   5   0   5   4 28 26 25 23 
   5   5   4   4   0   2 29 19 
   7   5   6   4   0   4 29 28 26 25 
   3   5   0   5   5   3 27 26 25 
   3   4   0   5   3   3 27 26 25 
   1   8   3   0   4   2 26 25 
   5   1   1   0   5   2 27 25 
   7   3   3   0   4   1 27 
   4   3   5   4   0   1 25 
   9   6   3   2   0   1 32
   9   7   3   0   1   1 32
   9   6   4   0   5   1 32
   5   3   0   6   4   1 32
   6   3   0   2   2   1 32
   9   0   4   4   2   1 32
   7   5   0   5   4   1 32
   0   0   0   0   0   0 
