
  32    4
  10   10   10   10

   0   0   0   0   0   3 2 4 5 
   4   1   1   0   1   2 10 3 
   4   2   0   1   3   3 9 7 6 
  10   3   0   4   4   3 9 7 6 
   7   3   5   4   0   2 9 6 
   9   0   5   5   3   1 8 
   9   6   0   4   7   1 8 
   5   5   2   4   0   3 31 13 11 
   4   5   4   0   5   5 31 17 16 13 12 
   6   4   9   4   0   1 11 
   2   5   0   4   5   3 17 16 12 
   1   3   4   5   0   2 20 14 
   9   5   3   0   2   2 19 18 
   7   2   0   3   2   1 15 
   3   8   3   0   4   3 29 28 19 
   5   7   4   9   0   2 22 18 
   7   4   3   0   4   5 30 29 28 23 22 
   7   4   0   4   3   3 30 29 21 
   4   3   3   0   3   3 30 23 22 
   1   6   3   3   0   3 29 28 22 
   2   3   0   4   5   4 28 27 26 24 
   1   4   3   0   5   3 27 26 24 
   4   3   2   3   0   2 26 25 
   8   0   3   1   3   1 25 
   8   0   5   3   9   1 32
   3   0   7   3   3   1 32
   1   3   4   0   3   1 32
  10   1   0   7   5   1 32
   1   0   3   6   4   1 32
   8   7   6   3   0   1 32
  10   3   6   0   5   1 32
   0   0   0   0   0   0 
