
  32    4
  10   10   10   10

   0   0   0   0   0   5 2 6 8 30 31 
   1   1   0   1   3   4 29 27 16 3 
   6   2   0   3   4   3 28 24 4 
   7   0   1   4   2   2 25 5 
   5   0   2   3   4   3 26 15 7 
   3   2   1   0   5   4 27 24 23 9 
  10   6   0   5   3   3 23 20 9 
   1   3   7   3   0   7 27 25 24 21 19 15 12 
   2   3   0   7   2   3 22 21 10 
   6   3   0   2   2   1 11 
   6   0   7   2  10   2 19 12 
   3   7   5   0   4   2 18 13 
   6   7   6   4   0   1 14 
   1   5   0   3   4   1 17 
   8   4   3   0   5   1 20 
   8   5   4   0   4   1 20 
   5   3   0   5   8   1 32
   6   0   8   5   5   1 32
   6   6   2   5   0   1 32
   3   0   6   6   4   1 32
   5   0   6   2   5   1 32
   3   3   0   3   4   1 32
   9   3   0   6   5   1 32
   1   4   4   7   0   1 32
   8   3   3   1   0   1 32
   8   4   5   0   3   1 32
   7   6   0   4   4   1 32
   6   6   3   0   4   1 32
   4   4   3   5   0   1 32
  10   0   2   6   1   1 32
  10   2   2   0   1   1 32
   0   0   0   0   0   0 
