
  32    4
  10   10   10   10

   0   0   0   0   0  12 2 4 6 7 8 9 11 12 15 16 21 22 
   3   1   0   1   1   6 31 29 28 20 14 3 
   3   3   0   5   4   5 30 27 18 13 5 
   2   3   1   6   0   5 27 26 18 17 13 
   4   5   4   0   4   4 26 25 19 10 
   2   0   6   5   9   4 28 20 18 13 
   8   4   4   4   0   5 29 26 25 24 23 
  10   0   4   4   3   2 30 10 
   9   0   4   5   4   3 29 27 23 
   2   4   4   0   5   2 24 17 
   8   9   0   5   1   2 31 20 
   4   4   0   3   7   2 25 19 
  10   4   4   0   4   2 25 23 
   8   4   0   4   4   2 24 23 
   6   2   3   0   4   2 28 25 
   6   7   2   0   2   2 26 23 
   4   3   6   3   0   1 23 
   9   1   2   6   0   1 23 
   8   3   6   0   4   1 24 
   5   9   2   5   0   1 24 
  10   7   3   0   7   1 26 
   3   0   5   7   6   1 25 
   5   4   0   2   5   1 32
   9   3   8   3   0   1 32
   4   2   4   5   0   1 32
   2   0   3   4   2   1 32
   7   3   6   0   3   1 32
   4   4   0   3   4   1 32
   7   3   5   3   0   1 32
   9   0   2   2   3   1 32
   1   0   4   3   2   1 32
   0   0   0   0   0   0 
