
  32    4
  10   10   10   10

   0   0   0   0   0  13 2 4 7 8 9 10 14 15 16 17 29 30 31 
   2   1   1   1   0   8 28 27 25 24 23 21 13 3 
   7   7   0   8   1   3 22 20 5 
   3   7   4   0   2   5 25 24 20 13 11 
   8   5   5   0   4   2 12 6 
   6   2   0   8   5   2 19 11 
   4   7   2   0   2   2 23 11 
   3   4   7   3   0   2 26 21 
  10   4   5   0   8   2 21 19 
  10   0   3   3   2   1 12 
   6   0   4   2   4   1 18 
   8   0   5   4   4   1 19 
   7   0   2   1   5   1 18 
   9   2   0   4   5   1 22 
   1   4   4   0   6   1 20 
   2   0   5   2   4   1 20 
   7   0   6   6   9   1 18 
   3   5   7   6   0   1 32
   4   4   0   6   4   1 32
   7   2   0   3   4   1 32
   6   2   0   4   2   1 32
   1   2   3   0   2   1 32
   4   4   4   4   0   1 32
   1   5   3   0   4   1 32
   3   3   4   4   0   1 32
   5   0   5   5   4   1 32
   1   0   4   4   5   1 32
   3   0   3   2   3   1 32
   3   5   3   7   0   1 32
   9   5   3   4   0   1 32
   1   4   0   1   3   1 32
   0   0   0   0   0   0 
