
  32    4
  10   10   10   10

   0   0   0   0   0   6 2 27 28 29 30 31 
   6   1   1   1   0   1 3 
   7   3   3   6   0   1 4 
   8   6   5   4   0   1 5 
   7   0   3   5   1   1 6 
   1   3   5   0   6   1 7 
   8   0   3   4   5   2 26 8 
   6   4   3   8   0   1 9 
   9   4   0   5   3   1 10 
   7   2   0   4   2   1 11 
   4   4   7   4   0   1 12 
   3   6   3   2   0   1 13 
   9   4   7   0   7   1 14 
   1   5   4   0   6   1 15 
   5   4   3   4   0   1 16 
   1   5   7   0   3   1 17 
   4   6   0   3   8   1 18 
   7   4   3   3   0   1 19 
   7   2   4   7   0   1 20 
  10   0   4   4   3   1 21 
   9   5   2   0   4   1 22 
   1   4   0   2   3   1 23 
   6   4   0   3   5   1 24 
   3   2   2   8   0   1 25 
   5   4   5   0   2   1 32
   2   0   5   8   2   1 32
   9   0   5   1   7   1 32
  10   4   0   2   2   1 32
   7   8   7   0   3   1 32
   2   4   3   2   0   1 32
   7   2   2   2   0   1 32
   0   0   0   0   0   0 
