
  32    4
  10   10   10   10

   0   0   0   0   0   3 2 3 9 
   1   1   1   0   1   2 13 4 
   5   0   4   2   4   2 13 4 
   5   6   6   3   0   2 8 5 
   1   2   3   0   7   2 11 6 
  10   0   1   6   8   1 7 
   2   2   0   4   4   3 17 16 10 
   5   4   5   0   3   2 16 11 
   4   0   5   2   3   2 13 12 
   2   6   3   4   0   1 12 
   4   4   0   3   3   1 12 
   7   0   3   3   5   3 22 20 14 
   6   8   3   4   0   3 22 16 14 
   8   0   2   5   4   1 15 
   6   5   2   0   4   2 24 18 
   5   4   5   2   0   1 18 
  10   2   4   4   0   1 18 
   3   0   5   2   5   1 19 
  10   5   0  10   4   1 21 
  10   4   3   2   0   1 21 
   4   5   9   2   0   3 31 26 23 
  10   0   4   5   5   5 31 30 29 27 25 
   2   3   2   4   0   4 30 29 27 25 
   5   5   0   4   4   2 27 25 
   3   0   6   3   3   1 28 
   8   5   0   7   4   1 27 
   8   4   0   4   2   1 32
   5   0   2   3   1   1 32
  10   3   9   0   4   1 32
   2   0   5   8   6   1 32
   9   2   4   0   4   1 32
   0   0   0   0   0   0 
