
  32    4
  10   10   10   10

   0   0   0   0   0   3 2 3 31 
   9   1   0   1   1   2 30 4 
   7   4   1   0   3   2 30 4 
   2   7   4   6   0   2 7 5 
   6   3   3   0   3   2 13 6 
   6   0   4   6   2   3 29 23 8 
   8   0   3   4   6   3 17 13 10 
   9   4   3   2   0   1 9 
   9   0   6   4   2   2 17 10 
   6   5   0   6   5   2 22 11 
   3   2   4   0   2   2 19 12 
   5   4   2   5   0   1 14 
  10   3   4   5   0   1 14 
   9   0   2   3   6   2 28 15 
   9   0   4   3   7   1 16 
   9   5   5   7   0   3 27 21 18 
   6   0   4   2   5   3 28 27 18 
  10   0   2   2   6   3 26 25 20 
   6   4   0   5   4   1 20 
   2   0   6   6   3   1 24 
   5   0   2   2   5   1 25 
  10   0   4   5   3   1 28 
   1   0   5   2   6   1 24 
   9   0   8   3   4   1 32
   5   2   0   7   3   1 32
   2   4   0   4   2   1 32
   3   6   7   0   2   1 32
   4   5   0   3   6   1 32
   4   4   0   3   5   1 32
   3   5   6   0   5   1 32
   2   4   3   4   0   1 32
   0   0   0   0   0   0 
