
  32    4
  10   10   10   10

   0   0   0   0   0   7 2 3 4 5 10 11 16 
   6   1   1   0   1   4 15 12 9 6 
   3   0   2   1   4   8 31 30 23 21 18 17 15 14 
   8   2   7   2   0   5 23 18 14 12 8 
   4   5   3   0   5   3 17 14 7 
   3   3   0   4   3   7 31 30 29 23 21 20 13 
   9   3   0   6   3   8 31 30 29 24 23 21 20 18 
   9   0  10   4   4   7 30 29 28 24 21 20 19 
   2   4   0   4   7   5 31 30 20 19 17 
   5   4   0   4   5   4 31 30 23 18 
   1   3   5   0   3   4 23 22 20 17 
   2   4   3   7   0   4 31 30 24 19 
   4   2   6   0   5   3 24 19 18 
   3   2   2   0   3   3 28 24 19 
   3   8   2   3   0   3 29 20 19 
   4   2   0   5   4   2 24 18 
   9   0   8   2   3   5 29 28 27 26 25 
   3   7   2   0   6   3 28 25 22 
  10   8   5   3   0   2 25 22 
   1   6   4   5   0   3 27 26 25 
   1   5   2   0   4   3 27 26 25 
   5   3   0   2   9   2 27 26 
   6   0   2   7   3   2 26 25 
   7   3   3   0   4   1 25 
   9   4   0   3   5   1 32
  10   4   0   5   3   1 32
   2   5   5   3   0   1 32
  10   4   4   0   2   1 32
  10   5   3   5   0   1 32
   3   0   2   4   2   1 32
   5   3   7   5   0   1 32
   0   0   0   0   0   0 
