
  32    4
  10   10   10   10

   0   0   0   0   0   2 2 10 
   6   1   0   1   1   1 3 
   2   5   0   3   3   3 31 14 4 
   7   0   1   5   2   1 5 
   2   0   6   5   6   1 6 
   8   0   4   1   5   2 30 7 
   6   0   5   4   4   2 21 8 
   4   2   0   4   5   1 9 
   9   3   0   4   2   1 11 
   2   0   2   8   6   1 11 
   1   5   0   3   7   3 29 28 12 
   8   2   5   2   0   1 13 
   6   7   3   0   6   1 15 
   7   4   7   0   2   2 30 17 
   7   4   6   5   0   1 16 
   9   0   3   6   7   1 17 
  10   6   2   0   2   3 27 26 18 
   3   0   5   4   2   1 19 
  10   0   6   2   3   1 20 
  10   3   0   4   1   1 22 
  10   0   6   2   5   1 22 
   9   4   3   0   7   1 23 
   7   5   0   3   3   1 24 
   9   4   2   7   0   1 25 
   9   6   0   6   6   1 32
   2   0   2   3   2   1 32
   8   0   5   5   4   1 32
   2   6   4   4   0   1 32
   2   4   0   5   4   1 32
   8   3   3   6   0   1 32
   3   2   0   2   5   1 32
   0   0   0   0   0   0 
