
  32    4
  10   10   10   10

   0   0   0   0   0  11 2 3 4 5 6 8 9 15 16 30 31 
   2   1   1   0   1   9 29 28 27 26 25 23 20 17 7 
   8   3   5   1   0  11 29 27 26 25 24 22 21 20 18 17 10 
   7   7   7   3   0   8 22 21 20 14 13 12 11 10 
   4   3   0   4   4   9 28 26 25 24 22 20 19 18 10 
   3   0   3   7   3   5 21 20 18 17 11 
  10   5   7   3   0   5 24 22 21 19 18 
   7   3   3   0   5   4 22 21 20 12 
  10   3   3   3   0   2 23 17 
   2   2   2   5   0   1 23 
   5   3   0   1   5   1 19 
   7   0   3   5   7   1 17 
   3   3   5   0   2   1 18 
   6   0   4   5   6   1 17 
   7   5   4   2   0   1 19 
  10   5   2   0   4   1 17 
   3   5   0   9   2   1 32
   9   3   0   5   6   1 32
   4   5   6   5   0   1 32
   4   5   2   0   2   1 32
   7   5   6   5   0   1 32
   4   6   4   0   6   1 32
   3   4   0   4   3   1 32
   2   4   4   0   5   1 32
   4   5   0   1   4   1 32
   1   4   7   6   0   1 32
   2   0   2   4   3   1 32
   5   0   3   4   4   1 32
   2   4   0   2   5   1 32
   7   3   0   7   3   1 32
   9   4   5   1   0   1 32
   0   0   0   0   0   0 
