
  32    4
  10   10   10   10

   0   0   0   0   0  12 2 4 6 7 8 9 11 13 18 19 20 21 
   3   1   1   0   1   7 31 30 28 27 17 16 3 
   9   3   0   1   5   4 29 26 12 5 
   1   0   6   4   4   5 28 26 25 14 12 
   2   0   4   5   3   4 25 24 15 10 
   3   6   0   2   3   5 27 25 24 23 22 
   4   5   3   0   3   4 28 24 22 16 
   3   0   2   2   5   3 29 23 14 
   3   3   0   6   6   3 27 26 22 
   7   1   0   7   2   2 23 14 
   1   0   3   4   5   2 30 16 
   7   5   5   0   6   2 24 22 
   6   1   5   0   3   1 15 
   4   3   5   5   0   1 22 
   5   6   5   7   0   1 23 
   2   4   0   6   5   1 23 
  10   7   4   0   5   1 22 
   7   0   4   2   2   1 25 
   8   2   7   2   0   1 25 
   3   3   1   4   0   1 24 
   1   4   4   3   0   1 24 
  10   4   7   0   6   1 32
   5   3   4   0   1   1 32
   3   2   2   7   0   1 32
   5   5   0   3   4   1 32
   8   4   4   0   3   1 32
   1   0   4   2   3   1 32
   8   7   3   0   5   1 32
   4   9   4   0   7   1 32
   7   0   5   2   3   1 32
  10   4   0   6   6   1 32
   0   0   0   0   0   0 
