
  32    4
  10   10   10   10

   0   0   0   0   0   2 2 6 
   1   1   1   1   0   1 3 
   7   0   4   6   1   1 4 
   4   2   4   5   0   2 17 5 
   3   7   4   2   0   2 10 7 
   8   5   8   4   0   1 7 
   1   0   5   5   7   1 8 
  10   2   0   3   3   1 9 
   8   2   0   4   6   2 22 11 
   6   2   3   4   0   2 22 12 
  10   7   4   5   0   1 12 
   9   0   5   6   4   1 13 
   5   0   3   7   4   1 14 
   1   5   6   0   7   2 20 15 
   6   4   0   2   5   1 16 
   5   0   2   2   2   1 18 
   4   0   7   4   2   1 18 
   8   7   4   4   0   1 19 
   2   0   3   6   4   1 21 
   9   3   2   0   3   1 21 
   3   5   7   9   0   1 23 
   6   4   0   3   4   1 23 
   2   4   0   3   5   1 24 
   4   5   2   4   0   2 30 25 
   6   5   0   4   4   1 26 
   6   4   4   0   2   1 27 
   6   4   0   2   6   1 28 
   8   5   0   3   4   1 29 
  10   3   3   0   4   1 31 
   9   2   3   3   0   1 31 
   3   0   4   3   3   1 32
   0   0   0   0   0   0 
