
  32    4
  10   10   10   10

   0   0   0   0   0   3 2 10 31 
   7   0   1   1   1   1 3 
   6   1   4   4   0   2 14 4 
   9   2   0   2   2   1 5 
   8   3   4   0   5   1 6 
   1   3   3   5   0   1 7 
   5   0   4   4   3   2 28 8 
   4   2   4   0   6   1 9 
   6  10   2   0   4   2 27 11 
   5   5   0   6   2   2 27 12 
   2   3   0   4   5   1 12 
   3   6   5   0   3   1 13 
   7   1   6   3   0   1 15 
   7   8   0   2   3   1 15 
  10   0   8   2   3   1 16 
   8   5   3   0   4   1 17 
   2   5   0   7   4   1 18 
   8   0   1   8   5   1 19 
  10   4   4   0   3   1 20 
   8   2   0   4   5   1 21 
   6  10   0   8   7   2 30 22 
   7   1  10   2   0   1 23 
  10   5   2   2   0   1 24 
   1   0   3   7   3   1 25 
   6   0   4   4   5   1 26 
   8   3   5   0   2   1 29 
  10   0   1   5   3   1 29 
  10   4   8   0   5   1 29 
   6   3   2   2   0   1 32
  10   0   5   2   6   1 32
   9   2   3   0   7   1 32
   0   0   0   0   0   0 
