
  32    4
  10   10   10   10

   0   0   0   0   0   3 2 30 31 
   6   1   1   1   0   1 3 
  10   0   4   6   1   3 23 20 4 
   2   2   2   0   7   1 5 
   9   3   3   3   0   2 29 6 
   1   4   5   0   4   1 7 
   4   2   5   0   4   3 28 12 8 
   3   5   6   6   0   2 16 9 
   9   0   5   3   3   2 19 10 
   3   0   4   4   4   2 26 11 
   2   3   2   1   0   1 13 
   1   6   5   0   4   2 27 15 
   8   4   0   5   6   1 14 
  10   6   5   3   0   1 15 
   6   0   1   5   4   1 17 
   9   7   0   3   4   1 17 
   6   2   0   5   2   1 18 
   7   6   5   4   0   2 25 21 
   7   5   0   3   6   2 25 21 
   3   0   4   6   5   2 25 22 
   6   0   6   3   4   1 22 
   2   5   9   0   5   1 24 
   1   2   3   5   0   1 25 
   1   2   3   4   0   1 32
   8   4   0   3   4   1 32
   8   6   0   4   4   1 32
  10   1   2   0   5   1 32
   6   7   7   5   0   1 32
   1   0   4   4   3   1 32
   5   5   3   0   4   1 32
   8   0   2   6   1   1 32
   0   0   0   0   0   0 
