
  32    4
  10   10   10   10

   0   0   0   0   0   7 2 3 4 5 10 11 16 
   7   1   0   1   1   4 15 12 9 6 
  10   2   1   5   0   5 22 18 14 12 8 
   4   2   3   3   0   3 17 14 7 
   4   6   0   3   2   7 31 29 22 21 17 15 14 
   6   3   5   0   2   7 31 30 29 22 21 20 13 
  10   4   4   1   0   7 31 29 24 22 21 20 18 
   5   5   3   0   4   8 30 29 28 24 23 21 20 19 
   6   6   0   7   5   6 31 29 23 20 19 17 
   6   2   6   0   4   4 31 29 22 18 
   3   5   3   0   4   4 23 22 20 17 
   6   4   0   3   3   5 31 29 24 23 19 
  10   4   0   5   7   3 24 19 18 
   3   0   4   4   4   4 28 24 23 19 
   9   6   5   0   4   4 30 23 20 19 
   6   4   1   5   0   2 24 18 
   7   0   4   6   4   5 30 28 27 26 25 
   1   0   4   4   6   4 28 26 25 23 
   3   0   4   3   3   3 27 26 25 
   2   5   8   0   8   3 27 26 25 
   1   6   0   3   4   3 27 26 25 
   2   3   2   2   0   2 26 25 
   7   3   5   3   0   1 27 
   1   5   6   5   0   1 25 
  10   4   3   0   2   1 32
   3   0   3   2   3   1 32
   7   4   0   4   4   1 32
  10   2   6   0   3   1 32
   8   7   5   4   0   1 32
   6   4   3   6   0   1 32
  10   3   0   9   7   1 32
   0   0   0   0   0   0 
