
  32    4
  10   10   10   10

   0   0   0   0   0   7 2 3 4 6 10 13 14 
   5   1   1   0   1   4 17 15 9 5 
   2   6   4   1   0   6 31 21 16 15 12 8 
   8   1   3   6   0   3 18 12 7 
   9   6   7   0   3   7 31 30 29 22 21 20 11 
   8   0   2   1   6   7 29 22 21 20 18 17 12 
   7   3   6   3   0   7 31 29 24 22 21 20 16 
   6   0   4   7   4   8 30 29 28 24 23 22 20 19 
   7   4   2   0   3   6 31 29 23 20 19 18 
   2   2   5   0   6   4 31 29 21 16 
   6   3   3   4   0   3 24 19 16 
   6   4   1   5   0   4 28 24 23 19 
   2   0   4   8   3   2 23 18 
  10   5   3   4   0   2 24 16 
   1   1   5   5   0   3 29 24 19 
  10   2   3   2   0   4 28 26 25 23 
   8   0   8   2   6   2 30 19 
   7   4   6   3   0   4 30 28 26 25 
   4   0   4   5   5   3 27 26 25 
   3   0   5   4   2   3 27 26 25 
  10   9   4   0   1   2 26 25 
   2   7   0   5   8   2 27 25 
   7   4   3   0   6   1 27 
   3   0   4   4   4   1 25 
  10   5   5   3   0   1 32
   1   6   4   3   0   1 32
  10   0   4   5   6   1 32
   5   3   4   0   3   1 32
  10   2   7   0   3   1 32
   1   5   3   0   2   1 32
  10   5   2   0   4   1 32
   0   0   0   0   0   0 
