
  32    4
  10   10   10   10

   0   0   0   0   0  17 2 3 4 5 6 7 8 10 11 12 13 14 15 16 17 30 31 
   9   1   1   0   1   6 29 27 23 20 19 9 
   6   1   0   1   5   4 25 23 22 19 
   2   3   5   2   0   4 27 26 21 20 
   3   3   0   1   4   3 24 23 19 
   8   0   5   3   3   2 22 18 
   6   3   2   9   0   2 22 20 
   8   4   7   0   6   2 21 20 
   2   0   4   7   4   1 21 
   9   4   7   3   0   1 26 
   4   0   4   4   4   1 18 
   3   7   5   5   0   1 18 
   4   4   0   5   3   1 25 
   7   4   3   0   3   1 28 
   1   3   0   4   4   1 24 
   6   5   0   1   6   1 19 
   2   8   2   5   0   1 18 
  10   5   7   5   0   1 32
   5   4   4   3   0   1 32
   2   7   4   0   3   1 32
   3   3   2   0   8   1 32
   3   4   5   5   0   1 32
  10   3   3   0   4   1 32
   9   3   3   3   0   1 32
   1   0   4   3   5   1 32
  10   0   4   3   3   1 32
   1   6   5   0   4   1 32
   2   1   5   8   0   1 32
   5   5   0   2   2   1 32
   4   0   1   5   5   1 32
   5   5   0   5   3   1 32
   0   0   0   0   0   0 
