
  32    4
  10   10   10   10

   0   0   0   0   0  12 2 4 5 7 8 9 10 11 14 15 16 22 
   5   1   1   0   1   5 29 28 20 13 3 
   3   5   3   0   3   6 31 30 27 21 17 6 
   2   3   4   1   0   5 27 26 21 18 17 
   5   3   5   1   0   5 28 26 25 20 18 
   9   3   5   8   0   4 26 25 19 12 
   9   3   1   6   0   4 29 21 20 17 
   2   0   5   5   2   2 31 12 
  10   5   8   0   1   3 29 26 25 
  10   5   4   0   3   3 28 27 23 
   8   1   0   7   5   3 27 26 24 
   3   0   2   3   4   2 24 18 
   8   3   4   0   3   2 23 19 
   2   0   3   5   6   2 30 20 
   8   3   2   0   9   2 26 18 
   3   6   4   0   2   2 25 19 
   3   3   0   3   4   2 25 23 
   7   3   0   5   6   1 23 
   7   5   5   0   4   1 24 
   3   7   4   6   0   1 24 
   3   0   4   2   3   1 23 
   1   6   0   3   3   1 25 
   8   0   5   4   4   1 32
   3   9   7   0   3   1 32
   8   2   6   3   0   1 32
   2   7   2   3   0   1 32
  10   4   5   4   0   1 32
   7   5   4   0   7   1 32
   3   4   0   3   4   1 32
   4   2   5   0   5   1 32
   4   2   2   0   6   1 32
   0   0   0   0   0   0 
