
  32    4
  10   10   10   10

   0   0   0   0   0   7 2 3 4 6 10 14 15 
   2   1   1   1   0   4 12 11 9 5 
   5   6   5   4   0   5 19 17 13 11 9 
   5   0   3   8   1   4 13 12 11 8 
   3   4   5   0   5   7 31 29 22 19 17 16 13 
   4   3   0   4   2   2 16 7 
   8   4   4   0   4   6 31 30 21 19 18 11 
   4   2   4   6   0   6 31 30 24 21 20 19 
   3   3   5   5   0   4 31 29 20 16 
   7   3   3   6   0   4 29 22 18 16 
   9   3   4   4   0   5 29 25 24 22 20 
   2   5   2   0   5   5 31 29 25 21 20 
   5   5   3   0   7   4 25 21 20 18 
   9   0   3   5   5   4 31 29 22 18 
   7   4   6   0   2   3 22 19 18 
   4   4   0   3   3   4 30 24 23 21 
   2   0   6   3   3   3 30 21 20 
   3   4   3   4   0   2 24 23 
   2   5   7   0   3   3 28 27 25 
   3   8   0   3   4   2 26 23 
   5   4   0   4   3   3 28 27 26 
   4   0   4   5   5   3 28 27 26 
   5   2   0   3   6   2 28 27 
   1   4   4   0   2   1 26 
   2   0   4   3   6   1 26 
   4   4   4   0   2   1 32
   3   3   0   3   8   1 32
   5   5   0   3   3   1 32
   6   6   4   0   2   1 32
   4   6   4   0   5   1 32
   4   2   0   3   6   1 32
   0   0   0   0   0   0 
