
  32    4
  10   10   10   10

   0   0   0   0   0  17 2 3 4 5 6 8 9 10 11 12 13 14 15 16 17 30 31 
   7   0   1   1   1   7 29 24 21 20 19 18 7 
   6   1   9   0   5   4 27 24 20 19 
   8   3   0   5   7   4 26 23 22 21 
  10   5   0   2   5   3 25 24 19 
   1   3   5   3   0   3 23 22 21 
   6   3   3   5   0   2 23 22 
   4   3   0   5   5   2 27 18 
   6   5   3   3   0   2 20 18 
   7   5   4   3   0   2 21 20 
  10   0   2   6   3   1 26 
   7   7   3   3   0   1 18 
   8   0   5   4   4   1 18 
   6   0   4   5   4   1 28 
   9   5   7   0   3   1 25 
   4   0   2   5   7   1 19 
   6   2   0   5   4   1 18 
  10   5   0   4   7   1 32
   1   7   6   0   3   1 32
  10   3   0   6   4   1 32
   4   4   0   2   2   1 32
   4   3   0   7   6   1 32
  10   0   4   5   3   1 32
   7   3   2   0   2   1 32
   5   3   3   0   4   1 32
   3   4   3   0   2   1 32
   2   4   0   4   1   1 32
   1   0   5   2   6   1 32
   6   3   5   6   0   1 32
   4   0   2   4   4   1 32
   7   7   6   1   0   1 32
   0   0   0   0   0   0 
