
  32    4
  10   10   10   10

   0   0   0   0   0   3 2 18 31 
  10   1   1   0   1   1 3 
   4   5   0   1   3   2 23 4 
  10   4   3   4   0   1 5 
   4   1   0   3   3   3 30 11 6 
  10   6   4   3   0   1 7 
   8   0   1   5   5   3 29 13 8 
  10   4   7   5   0   2 14 9 
   4   4   5   6   0   3 20 16 10 
   8   3   0   4   3   2 28 12 
   9   0   5   3   3   2 16 15 
   6   2   0   4   6   1 15 
   3   0   8   6   5   1 14 
   7   2   0   4   3   2 20 19 
   3   0   4   6   6   1 17 
   8   6   3   3   0   1 17 
   9   0   3   4   5   1 19 
   1   3   4   2   0   1 20 
   8   5   2   4   0   1 21 
   5   3   0   6   6   1 21 
   4   5   5   0   5   1 22 
   9   0   5   4   3   1 24 
   1   5   0   5   2   1 24 
   8   3   6   6   0   2 27 25 
   6   6   0   3   3   1 26 
   5   2   3   1   0   1 32
   4   3   0   4   5   1 32
   5   6   2   6   0   1 32
   4   6   4   2   0   1 32
   3   5   5   0   5   1 32
   3   6   4   0   4   1 32
   0   0   0   0   0   0 
