
  32    4
  10   10   10   10

   0   0   0   0   0   6 2 4 7 10 14 31 
   3   0   1   1   1   1 3 
  10   1   0   3   3   4 18 12 11 5 
   4   0   5   4   4   6 30 29 18 12 11 9 
   5   3   5   0   3   5 30 27 17 16 6 
   5   8   2   0   3   2 28 8 
   7   3   0   5   4   3 30 27 9 
   8   5   4   0   6   2 29 9 
   7   7   4   0   3   5 26 25 22 20 13 
   5   1   0   6   5   1 11 
   2   4   0   6   4   3 24 21 16 
   2   4   6   0   5   3 28 27 17 
   7   3   3   0   3   2 21 15 
   9   0   3   6   6   1 19 
   2   4   8   0   5   1 23 
   4   0   4   6   6   1 20 
   8   5   5   0   5   1 22 
   1   4   5   0   6   1 24 
   4   5   4   0   3   1 24 
   4   2   5   0   4   1 32
   4   5   4   0   4   1 32
   2   0   4   2   3   1 32
   1   5   4   0   3   1 32
   4   0   1   5   4   1 32
   4   0   4   1   4   1 32
   5   0   2   1   5   1 32
   4   4   0   3   5   1 32
   6   5   6   0   3   1 32
   2   0   3   4   3   1 32
  10   2   0   7   3   1 32
   4   4   4   4   0   1 32
   0   0   0   0   0   0 
