
  32    4
  10   10   10   10

   0   0   0   0   0  13 2 4 6 7 8 10 11 13 17 18 19 20 21 
   2   1   1   1   0   6 31 30 29 27 16 3 
  10   5   3   0   1   4 28 26 12 5 
   5   3   3   0   6   5 27 26 25 14 12 
   4   5   0   1   4   4 25 24 15 9 
   3   2   2   2   0   4 25 24 23 22 
   9   0   6   3   3   3 27 24 16 
   3   2   6   6   0   3 30 26 22 
   6   6   0  10   6   2 23 14 
  10   2   2   0   3   2 29 16 
   6   6   6   5   0   2 28 14 
   3   5   5   3   0   2 24 22 
   5   5   0   2   3   1 15 
   7   6   9   0   3   1 22 
   1   5   2   0   4   1 23 
   3   0   5   3   4   1 23 
   5   0   2   3   3   1 25 
   1   1   4   2   0   1 25 
  10   0   1   3   2   1 24 
   5   0   5   5   5   1 24 
   2   7   5   0   2   1 22 
   6   6   3   6   0   1 32
  10   4   5   0   3   1 32
   5   3   0   5   3   1 32
   2   0   4   4   7   1 32
   2   0   3   5   6   1 32
   6   2   0   5   6   1 32
   2   0   3   7   7   1 32
   3   2   6   0   6   1 32
   2   6   5   0   1   1 32
   2   0   4   3   4   1 32
   0   0   0   0   0   0 
