
  32    4
  10   10   10   10

   0   0   0   0   0   4 2 3 5 8 
   4   0   1   1   1   2 7 4 
   5   1   0   4   4   3 14 9 6 
   8   3   4   0   6   3 14 10 6 
   6   0   5   6   7   2 10 7 
  10   4   5   2   0   3 17 13 11 
   7   5   5   7   0   3 14 13 12 
   1   6   5   5   0   3 17 13 10 
  10   4   4   2   0   2 19 10 
   4   0   4   1   3   2 18 12 
  10   0   5   4   5   2 19 12 
   3   2   3   0   4   3 21 16 15 
   4   2   7   0   6   3 21 19 18 
   2   0   6   5   1   3 22 19 17 
   8   6   0   5   4   5 30 29 26 23 20 
   5   3   0   4   2   3 30 22 20 
  10   0   4   4   6   5 30 29 26 24 23 
   5   6   4   0   4   3 30 27 22 
   9   3   2   2   0   1 20 
  10   0   3   3   3   4 31 28 25 24 
   3   6   3   1   0   4 31 30 29 24 
   5   7   4   3   0   2 29 26 
  10   0   3  10   5   2 28 25 
   9   2   4   0   4   1 27 
   7   3   7   2   0   1 27 
  10   4   2   0   3   1 28 
   7   5   2   0   7   1 32
   5   3   4   0   4   1 32
   4   0   4   4   3   1 32
   2   5   0   6   2   1 32
   3   0   4   7   4   1 32
   0   0   0   0   0   0 
