
  32    4
  10   10   10   10

   0   0   0   0   0  12 2 4 6 7 8 9 10 12 13 14 17 22 
   3   1   1   1   0   6 31 29 28 21 16 3 
   2   2   1   0   1   5 30 27 19 15 5 
   7   6   0   2   3   5 27 26 19 18 15 
   7   4   0   7   7   4 26 25 20 11 
   4   0   4   6   4   4 28 21 19 15 
   2   3   4   0  10   5 29 26 25 24 18 
   9   2   3   2   0   2 30 11 
   8   0   7   6   5   3 29 27 23 
   6   4   3   4   0   3 27 26 24 
   2   3  10   5   0   2 24 18 
   7   2   2   2   0   2 31 21 
   8   0   3   3   6   2 25 20 
   3   3   5   5   0   2 26 18 
   2   5   0   1   1   2 25 23 
   6   6   4   4   0   2 24 23 
   3   5   0   5   3   2 28 25 
   6   2   8   0   5   1 23 
   1   3   1   6   0   1 23 
   6   4   4   0   4   1 24 
   7   3   0   4   5   1 24 
  10   6   9   0   3   1 25 
   4   0   3   4   3   1 32
   8   0   2   3   5   1 32
   9   5   5   0   1   1 32
   7   6   1   0   5   1 32
   9   8   0   6   3   1 32
   9   6   0   3   2   1 32
   3   2   0   3   6   1 32
   6   5   4   5   0   1 32
   7   0   4   5   2   1 32
   0   0   0   0   0   0 
