
  32    4
  10   10   10   10

   0   0   0   0   0  13 2 5 6 7 11 12 13 14 15 28 29 30 31 
   8   1   0   1   1   8 27 26 24 23 22 21 20 3 
   3   3   0   7   3   3 19 18 4 
   7   3   0   5   6   2 10 8 
   8   6   1   0   6   4 24 23 22 16 
   9   0   3   5   4   2 21 9 
   5   2   0   4   3   2 25 20 
   1   2   4   6   0   1 9 
   1   4   0   4   3   1 16 
   4   6   0   1   4   1 17 
   1   3   0   9   2   1 18 
  10   0   6   2   1   1 17 
  10   4   0   1   2   1 19 
   6   3   0   8   3   1 18 
   6   2   6   0   6   1 16 
   3   0   2   6   4   1 32
  10   0   3   3   3   1 32
   4   0  10   3   6   1 32
   2   4   2   1   0   1 32
   1   0   3   3   6   1 32
   2   0   4   3   5   1 32
   6   5   2   4   0   1 32
   7   0   5   4   6   1 32
   1   5   2   0   3   1 32
   3   5   6   7   0   1 32
   1   5   3   1   0   1 32
   6   5   1   3   0   1 32
   1   0   4   4   7   1 32
  10   7   6   0   7   1 32
   1   5   2   7   0   1 32
   1   0   9   2   1   1 32
   0   0   0   0   0   0 
