
  32    4
  10   10   10   10

   0   0   0   0   0   1 2 
   4   0   1   1   1   1 3 
   6   1   0   5   1   2 5 4 
  10   0   2   2   3   1 6 
   4   7   1   5   0   1 6 
   6   4   3   0   4   1 7 
   3   4   0   4   5   1 8 
   2   0   4   5   5   1 9 
  10   7   4   2   0   1 10 
   3   5   4   0   3   1 11 
   9   0   7   3   2   1 12 
  10   2   0   2   6   1 13 
   3   3   6   0   5   1 14 
   6   0  10   1   2   1 15 
   5   7   4   6   0   1 16 
   1   0   4   4   1   1 17 
   8   6   5   0   7   2 19 18 
   5   0   3   3   3   1 20 
   4   7   5   9   0   1 20 
   1   3   0   7   6   1 21 
   8   1   0   5   6   2 24 22 
   3   4   0   1   5   1 23 
   6   5   3   0   4   2 26 25 
   2   5   0   2   4   2 28 26 
   7   0   2   2   5   2 28 27 
   1   2   5   7   0   1 27 
   5   2   4   4   0   1 29 
   4   6   4   5   0   1 29 
   7   2   3   0   5   2 31 30 
   2   1   4   7   0   1 32
   4   4   0   4   5   1 32
   0   0   0   0   0   0 
