
  32    4
  10   10   10   10

   0   0   0   0   0   3 2 9 31 
   3   1   0   1   1   2 30 3 
   8   4   0   2   5   2 28 4 
   5   5   1   0   3   1 5 
   1   7   2   5   0   3 27 25 6 
   2   5   4   0   5   2 26 7 
   7   3   0   8   2   3 24 23 8 
   2   6   4   3   0   1 10 
   1   1   4   2   0   6 29 25 23 22 21 14 
   9   5   7   0   5   2 22 11 
   1   2   0   4   1   1 12 
   7   2   3   3   0   1 13 
   2   7   0   3   7   2 21 14 
  10   0   5   6   3   4 20 19 18 15 
  10   6   6   2   0   1 16 
  10   3   5   0   4   1 17 
   7   3   2   4   0   1 32
   9   4   0   3   4   1 32
   5   2   4   3   0   1 32
   6   6   1   7   0   1 32
   2   0   2   6   5   1 32
   3   3   1   5   0   1 32
   3   1  10   0   6   1 32
   5   3   0   5   2   1 32
   2   5   0   3   6   1 32
   9   8   6   0   4   1 32
   4   0   5   4   3   1 32
   6   4   0   4   6   1 32
   2   5   9   5   0   1 32
  10   4   1   4   0   1 32
   9   3   2   4   0   1 32
   0   0   0   0   0   0 
