
  32    4
  10   10   10   10

   0   0   0   0   0   4 2 3 4 6 
   7   1   1   0   1   3 9 7 5 
   3   0   3   1   7   2 7 5 
   9   7   3   2   0   3 11 9 8 
   1   6   0   8   3   3 11 10 8 
   3   2   0   4   1   3 11 10 8 
   3   0   7   6   2   3 12 11 10 
   8   0   4   3   5   2 13 12 
   7   5   7   0   6   2 16 10 
   4   4   3   0   3   3 20 15 14 
   9   0   5   4   4   3 16 15 14 
   9   0   2   3   5   4 20 19 16 15 
   9   4   4   0   9   2 15 14 
   9   0   2   3   2   3 19 18 17 
  10   4   3   0   4   1 17 
   4   4   0   3   5   3 31 23 22 
   2   0   5   3   2   2 23 21 
   8   2   0   6   5   2 22 21 
   1   7   7   6   0   3 31 24 22 
   7   2   5   2   0   3 31 24 22 
   3   7   2   0   2   5 31 27 26 25 24 
   6   3   6   8   0   4 30 27 26 25 
   4   0   4   6   2   3 30 29 24 
   6   4   0   4   5   1 28 
   8   0   5   2   3   1 29 
   4   1   3   0   4   1 28 
   4   5   5   0   6   1 28 
   8   4   2   4   0   1 32
   8   0   6   5   5   1 32
   6   4   0   3   4   1 32
   7   0   2   2   5   1 32
   0   0   0   0   0   0 
