
  32    4
  10   10   10   10

   0   0   0   0   0   5 2 4 9 11 13 
   8   1   0   1   1   2 21 3 
  10   2   1   0   3   3 17 14 5 
   6   0   4   2   2   4 21 17 14 6 
   3   5   8   2   0   3 31 10 7 
   3   0   3   4   3   4 31 30 12 10 
   1   2   1   2   0   2 20 8 
   6   3   3   7   0   4 30 27 19 12 
   2   0   5   3   7   3 30 27 12 
   9   6   5   0   4   6 28 27 26 20 19 15 
   1   3   7   5   0   4 27 23 17 14 
   8   7   5   7   0   5 28 25 24 23 16 
   9   7   5   0   4   3 23 21 15 
  10   5   0   3   7   2 29 15 
   7   4   0   3   3   3 25 24 22 
   9   0   8   4   2   2 22 18 
   2   5   0   5   6   2 29 22 
   5   0   5   3   4   1 26 
   8   0   4   4   9   1 23 
   1   4   4   0   1   1 23 
   8   3   3   1   0   1 29 
   4   0   1   3   6   1 32
   7   1   3   7   0   1 32
   9   7   0   2   3   1 32
  10   0   5   7   4   1 32
   1   0   2   6   5   1 32
   3   3   3   4   0   1 32
   5   5   4   4   0   1 32
   2   4   4   0   4   1 32
   1   2   0   5   2   1 32
   8   5   3   6   0   1 32
   0   0   0   0   0   0 
