
  32    4
  10   10   10   10

   0   0   0   0   0   3 2 8 9 
   1   1   0   1   1   1 3 
   7   8   1   0   6   2 21 4 
   9   0   2   4   5   1 5 
   2   0   3   4   6   3 27 11 6 
   2   6   4   0   4   1 7 
   1   3   4   7   0   3 20 14 10 
   8   3   0   6   2   3 20 14 10 
   2   4   3   4   0   1 11 
   3   0   5   2   4   2 17 12 
   5   0   6   4   5   2 17 12 
   6   8   0   5   2   2 15 13 
   4   3   4   0   3   2 31 16 
  10   3   0   5   1   2 17 15 
   2   3   3   5   0   1 18 
   9   3   4   3   0   1 19 
   1   3   1   3   0   1 18 
   1   3   0   7   1   1 22 
  10   2   5   0   5   1 22 
   6   5   6   7   0   1 22 
   2   4   0   4   1   1 22 
   4   0   5   4   6   1 23 
  10   0   4   3   8   1 24 
   4   0   2   4   4   1 25 
   9   0   5   2   3   1 26 
   8   0   4   1   6   2 30 28 
   7   6   4   0   6   2 30 28 
  10   1   4   0   3   1 29 
   2   0   7   3   5   1 32
   8   3   0   3   5   1 32
   7   8   6   5   0   1 32
   0   0   0   0   0   0 
