
  32    4
  10   10   10   10

   0   0   0   0   0   7 2 3 4 5 10 12 13 
   6   1   1   1   0   4 17 15 9 6 
   2   5   4   0   1   6 31 24 16 15 14 8 
   7   0   6   4   3   4 19 18 14 7 
   3   5   8   3   0   7 30 24 21 20 18 17 14 
   6   5   3   0   3   6 31 29 24 21 20 11 
   3   0   6   3   2   7 31 30 24 23 21 20 16 
   2   6   0   4   4   8 30 29 28 23 22 21 20 19 
   6   2   1   2   0   6 31 30 22 20 19 18 
   1   4   2   0   3   4 31 30 24 16 
   1   2   4   4   0   3 23 19 16 
   4   2   0   5   8   2 22 18 
   1   4   2   0   4   2 23 16 
   9   8   6   0   6   4 28 26 23 22 
  10   4   4   5   0   3 30 23 19 
   5   0   3   6   3   4 28 26 25 22 
  10   5   7   0   3   2 29 19 
  10   4   0   6   3   4 29 28 26 25 
   8   5   4   2   0   3 27 26 25 
   5   5   4   4   0   3 27 26 25 
   3   0   2   2   3   2 27 25 
   8   0   6   7   4   1 27 
  10   0   2   3   6   1 25 
   2   2   4   0   3   1 26 
   6   2   0   4   7   1 32
   1   5   5   9   0   1 32
   7   5   6   0   3   1 32
   8   4   5   5   0   1 32
   3   4   4   3   0   1 32
   3   3   1   0   7   1 32
  10   0   4   2   4   1 32
   0   0   0   0   0   0 
