
  32    4
  10   10   10   10

   0   0   0   0   0   7 2 3 4 6 10 13 14 
   7   1   1   1   0   4 16 15 9 5 
   2   4   0   2   1   6 31 21 17 16 12 8 
   5   0   1   5   3   3 18 12 7 
   9   4   5   4   0   7 31 30 29 22 21 20 11 
   2   0   9   4   3   6 29 22 21 18 15 12 
   6   2   5   6   0   7 31 29 24 22 21 20 17 
   4   6   5   5   0   8 30 29 28 24 23 22 20 19 
  10   0   4   3   5   6 31 29 23 20 19 18 
   4   6   5   0   5   4 31 29 21 17 
   2   3   5   0   3   3 24 19 17 
   4   5   0   4   5   4 28 24 23 19 
  10   3   0   3   4   2 23 18 
   3   4   0   5   8   2 24 17 
  10   7   0   4   5   3 30 20 19 
   3   4   3   4   0   3 29 24 19 
  10   0   2   3   7   4 28 26 25 23 
   2   0   4   6   2   4 30 28 26 25 
   7   6   0   2   4   3 27 26 25 
   1   3   4   0   4   3 27 26 25 
   9   3   3   3   0   2 26 25 
   6   4   0   6   3   2 27 25 
  10   3   0   4   4   1 27 
   8   4   5   6   0   1 25 
   8   0   3   3   3   1 32
   4   4   0   4   6   1 32
   8   0   5   3   3   1 32
   1   4   6   0   4   1 32
  10   0   4   4   3   1 32
  10   4   0   7   3   1 32
   5   4   1   3   0   1 32
   0   0   0   0   0   0 
