
  32    4
  10   10   10   10

   0   0   0   0   0  12 2 4 5 6 7 9 10 13 14 15 16 22 
  10   1   1   1   0   5 29 28 20 12 3 
   2   4   0   5   1   6 31 30 27 21 17 8 
   2   0   6   3   4   6 27 26 23 21 18 17 
   8   0   4   5   7   4 28 25 19 11 
   5   4   1   0   3   5 29 26 25 20 18 
   5   0   4   4   3   4 28 21 20 17 
  10   1   2   5   0   3 25 19 11 
   8   4   0   6   7   2 31 11 
   7   0   5   4   3   4 29 27 24 23 
   3   5   2   5   0   3 26 23 18 
   6   0   5   2   7   3 25 24 19 
   5   5   0   6   5   3 30 28 20 
   1   6   5   8   0   3 27 26 20 
   7   4   3   0   2   3 26 25 18 
   2   4   4   0   7   3 26 25 19 
   1   3   3   0   3   2 25 24 
   4   4   2   3   0   1 24 
   1   0   3   3   3   1 23 
   1   5   0   4   5   1 23 
   7   7   5   4   0   1 24 
   9   3   2   0   3   1 25 
   2   5   6   3   0   1 32
   1   4   0   3   3   1 32
   7   4   3   3   0   1 32
   9   0   5   4   5   1 32
   7   2   0   4   4   1 32
   1   0   6   3   2   1 32
   4   3   7   0   4   1 32
   8   5   5   0   3   1 32
   6   5   7   0   4   1 32
   0   0   0   0   0   0 
