
  32    4
  10   10   10   10

   0   0   0   0   0  13 2 5 6 7 11 12 13 14 15 28 29 30 31 
   8   1   0   1   1   7 27 26 23 22 21 20 3 
   2   0   1   3   3   3 19 18 4 
   7   2   2   0   3   2 10 8 
   1   0   3   2   3   4 23 22 21 16 
   5   3   3   0   2   2 25 9 
  10   0   3   8   4   2 24 20 
   4   3   0   4   4   1 9 
   4   5   0   2   3   1 16 
   8   8   5   0   3   1 17 
  10   8   7   0   3   1 18 
   8   5   4   0   5   1 17 
   2   2   3   0   5   1 19 
   3   6   0   4   3   1 18 
  10   2   7   9   0   1 16 
   2   7   0   4   7   1 32
   9   0   2   5   8   1 32
   5   3   6   0   2   1 32
   8   7   4   2   0   1 32
   7   2   7   4   0   1 32
   5   2   3   4   0   1 32
   3   5   0   3   5   1 32
   4   2   6   2   0   1 32
   5   4   3   0   6   1 32
   8   7   5   3   0   1 32
   6   5   0   6   5   1 32
   8   0   4   1   3   1 32
   3   2   2   0   4   1 32
   1   3   0   6   4   1 32
   3   2   4   0   5   1 32
   2   4   0   7   5   1 32
   0   0   0   0   0   0 
