
  32    4
  10   10   10   10

   0   0   0   0   0  11 2 3 5 6 7 8 9 10 12 13 17 
   2   1   1   0   1   5 29 20 19 16 4 
   2   3   5   0   9   7 29 28 23 19 18 15 14 
   1   2   6   0   6   5 31 30 28 23 11 
   3   4   5   0   4   7 29 28 23 22 19 18 15 
   7   0   3   1   4   5 31 21 20 19 14 
   3   0   3   2   3   4 29 22 19 15 
   8   4   1   3   0   5 30 29 27 19 18 
   8   3   2   0   3   5 29 28 23 19 18 
  10   9   0   8   5   4 31 30 26 15 
   3   3   0   7   4   3 22 18 15 
   5   4   3   0   4   4 27 26 21 20 
   5   1   8   0   7   2 26 15 
   3   4   6   0   5   4 27 26 25 22 
   3   4   8   6   0   3 27 24 21 
   5   3   6   0   3   3 26 25 22 
   4   0   3   4   3   1 18 
   1   0   2   2   6   3 26 25 24 
   2   4   2   4   0   2 26 24 
   2   4   5   6   0   2 28 24 
   6   4   0   3   5   1 25 
   2   8   3   0   5   1 24 
   6   0   6   6   3   1 25 
   9   5   0   3   1   1 32
   8   4   3   5   0   1 32
   1   5   0   3   4   1 32
  10   4   5   0   3   1 32
   5   0   4   5   3   1 32
   9   4   0   3   1   1 32
   4   6   4   2   0   1 32
   5   3   2   3   0   1 32
   0   0   0   0   0   0 
