
  32    4
  10   10   10   10

   0   0   0   0   0   5 2 4 9 11 13 
   2   1   0   1   1   2 21 3 
   8   4   0   4   3   4 17 14 12 5 
  10   6   1   0   7   5 21 17 14 12 6 
   3   0   5   4   8   3 31 15 7 
   1   2   2   3   0   7 31 30 29 20 19 15 10 
   6   4   4   2   0   3 20 19 8 
  10   5   2   8   0   3 30 29 10 
   3   3   0   6   2   1 10 
   9   0   3   9   1   5 27 25 24 23 16 
   8   1   6   0   9   3 24 17 14 
   3   0   2   5   2   6 29 27 23 22 20 19 
   6   3   7   3   0   4 25 23 22 21 
  10   4   2   3   0   2 28 15 
   3   3   2   6   0   3 25 23 22 
   4   4   0   4   3   2 22 18 
   8   3   3   3   0   2 28 22 
   3   8   9   4   0   1 26 
   4   0   4   3   6   1 24 
   5   0   5   2   6   1 24 
   4   6   4   0   4   1 28 
   3   0   4   8   4   1 32
   8   0   5   2   4   1 32
   8   4   6   6   0   1 32
   2   4   4   3   0   1 32
   3   5   0   3   3   1 32
   7   5   7   0   2   1 32
  10   5   0   3   4   1 32
   9   0   3   2   3   1 32
   2   6   0   5   4   1 32
   7   2   2   2   0   1 32
   0   0   0   0   0   0 
