
  32    4
  10   10   10   10

   0   0   0   0   0   2 2 10 
   4   1   0   1   1   1 3 
  10   0   1   5   3   1 4 
   6   0   2   3   3   1 5 
   8   6   4   0   6   1 6 
   9   7   4   3   0   1 7 
   1   6   0   6   6   1 8 
  10   2   3   0   2   1 9 
   5   6   5   2   0   1 11 
   5   2   8   0   3   1 11 
   3   2   4   4   0   1 12 
   9   1   0   6   7   1 13 
   4   0   4   4   4   1 14 
   9   2   2   0   3   1 15 
   4   3   5   0   5   1 16 
   7   3   0   3   5   1 17 
   7   4   0   4   5   2 23 18 
   6   6   6   0   4   1 19 
   6   3   4   7   0   2 31 20 
   7   6   6   0   4   2 25 21 
   2   4   2   0   5   1 22 
   6   4   0   4   3   2 28 24 
   1   5   3   0   8   2 31 25 
   8   0   3   4   1   1 26 
   2   0   1   5   4   1 26 
   5   3   4   3   0   1 27 
   8   6   3   0   4   1 29 
  10   2   6   7   0   1 30 
   3   3   6   0   2   1 32
   8   6   6   0   5   1 32
   4   7   0   1   3   1 32
   0   0   0   0   0   0 
