
  32    4
  10   10   10   10

   0   0   0   0   0  10 2 4 5 6 7 9 10 12 14 17 
   5   1   1   0   1   4 29 19 16 3 
   5   3   0   1   8   6 31 30 28 23 20 11 
   2   0   3   2   3   3 16 15 8 
  10   4   3   5   0   7 29 28 23 20 18 15 13 
   9   4   5   0   4   5 31 29 20 19 13 
   5   0   5   4   1   5 30 29 22 20 15 
   5   3   0   4   3   5 29 28 23 20 18 
   9   4   0   8   4   5 30 29 27 20 18 
   1   4   4   0   3   4 31 30 26 15 
   9   6   0   5   5   3 22 18 15 
   7   6   7   4   0   3 27 21 19 
   8   4   0   2   2   4 27 26 22 21 
   9   5   5   0   5   2 26 15 
   8   2   3   0   2   3 27 24 21 
   3   3   3   5   0   3 26 25 22 
   1   0   2   3   4   1 18 
   8   6   5   0   2   3 26 25 24 
   2   2   4   0   4   3 28 26 24 
   6   4   0   8   5   2 26 24 
   5   0   2   7   9   1 25 
   1   3   7   6   0   1 24 
   3   3   8   0   3   1 25 
   9   0   1   4   6   1 32
   9   0   3   3   5   1 32
   7   0   7   1   2   1 32
   9   3   0   2   4   1 32
   6   0   4   2   6   1 32
   9   5   3   0   6   1 32
  10   7   3   0   3   1 32
   6   6   4   0   4   1 32
   0   0   0   0   0   0 
