
  32    4
  10   10   10   10

   0   0   0   0   0   9 2 3 5 6 7 9 10 12 14 
   3   0   1   1   1   5 29 19 17 16 4 
   2   1   4   0   3   8 31 30 29 23 20 18 15 13 
   7   3   2   3   0   6 31 30 24 23 20 11 
   4   3   0   2   3   3 16 15 8 
   6   4   0   6   6   5 29 24 20 19 13 
   5   0   5   1   4   5 31 29 22 20 15 
   3   4   2   0   4   6 30 29 23 21 20 18 
   9   6   8   0   5   4 31 29 24 15 
   2   2   3   0   4   5 31 29 28 20 18 
   4   4   9   0   4   3 22 18 15 
   6   6   5   0   6   3 28 21 19 
   7   0   3   6   2   4 28 26 22 21 
   3   6   7   0   4   2 26 15 
   9   3   3   2   0   3 28 25 21 
   3   4   0   6   5   3 27 26 22 
   4   0   3   5   3   1 18 
   7   5   4   3   0   3 27 26 25 
   1   3   3   7   0   3 30 26 25 
   7   5   0   4   4   2 26 25 
   4   4   0   2   3   1 27 
   7   0   7   3   4   1 25 
   3   0   3   4   4   1 27 
   6   0   2   2   4   1 26 
   2   0   2   5   4   1 32
   7   6   7   0   7   1 32
  10   5   4   6   0   1 32
   6   4   0   5   3   1 32
   6   4   0   5   5   1 32
   9   2   0   6   3   1 32
  10   4   1   0   5   1 32
   0   0   0   0   0   0 
