
  32    4
  10   10   10   10

   0   0   0   0   0   3 2 4 5 
   9   1   1   1   0   2 10 3 
   9   2   0   3   1   3 9 7 6 
   4   4   6   0   3   3 9 7 6 
   5   0   4   4   3   2 9 6 
  10   2   0   2   7   2 31 8 
   8   0   3   5   8   3 31 13 11 
   8   7   0   4   5   2 13 11 
   9   2   4   7   0   4 31 16 15 12 
   6   5   3   3   0   1 11 
   3   4   6   0   6   3 16 15 12 
   2   0   5   4   4   2 20 14 
   8   0   3   1   2   4 30 21 19 18 
  10   4   0   1   4   3 30 28 17 
   1   7   1   0   4   3 30 21 19 
   6   2   7   6   0   5 30 28 27 23 22 
   7   0   5   2   2   1 18 
   2   0   1   7   3   4 29 27 23 22 
   5   4   4   8   0   5 29 28 27 26 24 
  10   4   6   5   0   2 27 22 
   4   3   5   0   6   3 28 27 25 
   7   0   6   6   3   2 26 24 
   4   0   4   4   3   2 26 25 
   2   6   2   5   0   1 25 
   3   0   3   2   4   1 32
   2   0   4   2   4   1 32
   9   0   6   4   3   1 32
  10   5   2   0   3   1 32
   1   4   0   6   6   1 32
   8   6   0   4   4   1 32
   7   4   5   4   0   1 32
   0   0   0   0   0   0 
