
  32    4
  10   10   10   10

   0   0   0   0   0   3 2 17 31 
   5   1   0   1   1   1 3 
   4   0   1   1   5   2 30 4 
   2   4   3   3   0   1 5 
   6   4   2   3   0   1 6 
  10   7   0   3   4   1 7 
   3   0   6   6   5   2 29 8 
  10   4   4   0   4   1 9 
   4   2   4   0   6   2 28 10 
   7   0   4   3   3   1 11 
   4   4   6   3   0   1 12 
   1   3   0   5   4   1 13 
   8   7   4   0   3   1 14 
   9   4   5   0   2   1 15 
   3   4   4   0   2   1 16 
   2   5   0   8   4   1 18 
   4   3   4   0   5   1 18 
   4   3   5   0   2   1 19 
  10   6   0   6   4   2 27 20 
  10   0   3   4   3   1 21 
   9   0   3   4   5   1 22 
   4   0   6   3   6   1 23 
   6   4   0   8   3   1 24 
   3   3   5   0   8   1 25 
   1   2   4   0   4   1 26 
   1   3   2   0   3   1 32
   7   0   3   3   4   1 32
   6   6   0   5   3   1 32
   4   7   7   0   1   1 32
  10   2   3   2   0   1 32
  10   4   0   5  10   1 32
   0   0   0   0   0   0 
