
  32    4
  10   10   10   10

   0   0   0   0   0  10 2 4 5 6 7 9 10 12 14 17 
   2   1   1   1   0   4 29 19 16 3 
   8   0   4   7   1   6 31 30 28 23 20 11 
   4   3   0   4   5   3 16 15 8 
   7   3   7   0   4   7 29 28 23 20 18 15 13 
   3   2   4   3   0   4 31 20 19 13 
   3   5   5   0   2   5 30 29 22 20 15 
   3   0   3   4   4   5 29 28 23 20 18 
   5   0   3   6   3   5 30 29 27 20 18 
   1   5   4   0   4   4 31 30 26 15 
  10   4   1   4   0   3 22 18 15 
   8   0   3   5   4   3 27 21 19 
   9   8   6   2   0   4 27 26 22 21 
   8   7   0   5   5   2 26 15 
   1   5   0   7   2   3 27 24 21 
   4   3   0   5   5   3 26 25 22 
   2   0   6   6   3   1 18 
   2   3   0   2   4   3 26 25 24 
   7   0   5   5   5   3 28 26 24 
   5   3   7   4   0   2 26 24 
   9   4   4   4   0   1 25 
   8   4   0   3   3   1 24 
   2   2   0   4   6   1 25 
   9   3   3   0   6   1 32
   2   4   4   4   0   1 32
   9   6   5   0   5   1 32
   7   0   2   2   4   1 32
  10   0   2   3   4   1 32
   8   3   3   3   0   1 32
   4   4   6   0   6   1 32
   8   6   0   3   3   1 32
   0   0   0   0   0   0 
