
  32    4
  10   10   10   10

   0   0   0   0   0   7 2 3 4 5 10 11 14 
   1   1   1   2   0   4 16 12 9 6 
   5   0   3   4   1   6 23 19 18 16 15 9 
  10   0   3   2   5   5 23 15 13 12 8 
   7   3   0   3   5   3 17 15 7 
   9   7   4   2   0   7 31 30 23 21 19 17 13 
   9   4   3   0   4   7 31 30 29 23 21 19 18 
   6   2   4   0   5   6 30 29 28 21 20 19 
  10   4   0   3   6   5 31 30 21 20 17 
   7   3   5   2   0   4 31 30 23 18 
   6   2   4   0   3   4 23 22 21 17 
   7   3   0   4   4   4 31 30 24 20 
   1   0   5   5   6   3 24 20 18 
   4   3   0   6   4   3 24 23 18 
   6   5   4   0   5   3 28 24 20 
   2   0   3   6   4   3 29 21 20 
   3   0   8   2   3   5 29 28 27 26 25 
   8   6   0   4   3   3 28 25 22 
  10   5   6   0   4   3 27 26 24 
   4   6   5   3   0   2 25 22 
   6   0   4   4   5   3 27 26 25 
   3   5   2   0   3   2 27 26 
   5   6   0   1   2   2 26 25 
   5   0   7   7   4   1 25 
   1   0   4   4   4   1 32
   4   3   4   0   3   1 32
   2   5   0  10   5   1 32
   2   3   2   0   5   1 32
   9   3   5   0   3   1 32
   9   5   4   0   4   1 32
   7   0   2   6   4   1 32
   0   0   0   0   0   0 
