
  32    4
  10   10   10   10

   0   0   0   0   0   1 2 
   1   1   1   0   1   1 3 
   1   0   2   1   7   1 4 
  10   0   1   3   2   1 5 
   3   3   5   2   0   1 6 
   8   5   0   3   5   1 7 
   6   6   0   3   3   1 8 
   8   4   6   0   5   1 9 
   7   2   5   0   3   1 10 
   5   0   4   5   2   1 11 
  10   4   0   6   7   1 12 
   2   3   3   2   0   1 13 
   4   3   0   4   6   1 14 
   4   0   5   3   4   2 21 15 
   7   6   0   4   3   1 16 
   1   2   5   2   0   2 31 17 
   4   3   0   4   5   1 18 
   2   0   7   4   3   1 19 
  10   3   7   5   0   1 20 
  10   0   2   7   2   1 22 
   5   3   5   0   3   1 22 
   1   7   4   0   2   1 23 
   5   6   5   0   2   1 24 
   6   4   0   4   5   1 25 
   6   5   2   3   0   1 26 
   3   3   0   8   4   2 30 27 
   8   3   0   4   5   1 28 
   6   6   6   0   8   1 29 
   5   4   0   4   4   1 32
   1   5   2   0   5   1 32
   6   5   3   7   0   1 32
   0   0   0   0   0   0 
