
  32    4
  10   10   10   10

   0   0   0   0   0  14 2 3 4 5 9 10 11 12 13 16 17 29 30 31 
   6   1   1   0   1   6 28 27 15 8 7 6 
   8   0   6   1   4   7 26 25 24 21 14 8 7 
   5   0   6   5   6   6 24 23 22 21 15 14 
  10   2   0   5   3   5 24 22 21 14 7 
   3   3   0   4   3   4 25 21 20 18 
   5   2   3   2   0   3 23 20 18 
   9   4   2   5   0   3 22 19 18 
   4   3   1   3   0   3 23 22 18 
   9   0   6   4   3   2 26 19 
   3   0   4   3   2   2 24 20 
   4   5   6   2   0   2 24 19 
  10   4   7   3   0   2 21 18 
   8   7   3   0   4   1 18 
   3   2   3   0   5   1 19 
   6   4   0   6   2   1 20 
   8   5   0   6   5   1 19 
   2   3   2   0   7   1 32
   8   5   3   0   2   1 32
   3   4   7   3   0   1 32
   8   0   6   4   3   1 32
   9   4   3   0   7   1 32
   4   5   0   4   6   1 32
   3   5   4   0   6   1 32
   8   0   4   6   2   1 32
   6   0   2   5   5   1 32
   5   4   3   0   5   1 32
   7   6   5   4   0   1 32
   2   4   5   0   4   1 32
   5   6   4   3   0   1 32
   2   0   4   6   3   1 32
   0   0   0   0   0   0 
