
  32    4
  10   10   10   10

   0   0   0   0   0   1 2 
   5   1   1   1   0   1 3 
   2   0   3   2   1   1 4 
   9   3   4   0   6   1 5 
   4   0   6   4   3   1 6 
   1   3   0   4   1   1 7 
   8   3   7   2   0   1 8 
   4   6   3   0   3   1 9 
   2   4   2   0   1   1 10 
   7   5   0   3   3   1 11 
   7   3   2   0   5   1 12 
   8   6   3   0   6   1 13 
   7   6   0   3   6   2 31 14 
   2   0   4   6   7   1 15 
  10   5   3   3   0   2 30 16 
   4   0   4   4   2   1 17 
   2   3   7   5   0   1 18 
   6   0   1   4   4   1 19 
   9   0   5   5   3   1 20 
   9   8   3   0   8   1 21 
   3   2   3   0   4   1 22 
  10   3   0   6   3   2 29 23 
   2   0   2   4   4   1 24 
   8   0   4   8   5   1 25 
   4   4   6   0   3   1 26 
   8   2   5   0   4   1 27 
   8   3   6   0   4   1 28 
  10   0   2   4   5   1 32
   3   3   8   0   4   1 32
   6   4   5   0   5   1 32
   8   7   5   0   4   1 32
   0   0   0   0   0   0 
