
  32    4
  10   10   10   10

   0   0   0   0   0   2 2 12 
   3   0   1   1   1   1 3 
   2   1   4   4   0   3 31 16 4 
   8   4   3   5   0   1 5 
   3   2   5   2   0   1 6 
   7   4   0   4   2   2 30 7 
   5   3   3   3   0   2 22 8 
   6   4   2   0   4   1 9 
   8   4   0   5   5   1 10 
   1   4   6   4   0   3 29 28 11 
   7   8   3   0   3   1 13 
   5   0   3   4   5   2 28 15 
   1   5   0   5   5   1 14 
   6   2   0   6   5   1 15 
   4   7   0   5   5   2 27 17 
   1   3   0   4   5   3 30 26 18 
   4   6   6   4   0   2 26 18 
   7   8   0   7   4   1 19 
   7   2   7   3   0   1 20 
  10   4   2   4   0   1 21 
   7   3   0   6   2   1 23 
   3   0   4   2   4   1 23 
   9   3   2   5   0   1 24 
   6   5   0   3   4   1 25 
   1   6   5   0   3   1 32
   3   4   7   0   3   1 32
   3   3   0   4   7   1 32
   7   5   6   3   0   1 32
   3   4   3   0   5   1 32
   6   1   4   0   4   1 32
  10   3   4   3   0   1 32
   0   0   0   0   0   0 
