
  32    4
  10   10   10   10

   0   0   0   0   0   3 2 11 12 
   1   0   1   1   1   1 3 
   9   0   3   2   6   2 22 4 
   8   0   5   3   5   1 5 
   5   1   4   3   0   3 31 9 6 
   5   4   4   3   0   1 7 
   3   4   6   0   3   3 24 14 8 
  10   0   3   2   3   2 16 10 
   7   2   6   7   0   1 10 
   4   8   5   7   0   3 19 17 13 
  10   3   4   0   5   4 30 19 18 16 
  10   0   4   4   2   4 30 19 17 15 
   1   2   2   0   4   2 30 15 
   3   4   0   5   7   2 19 16 
   8   7   2   6   0   1 18 
   5   5   0   6   5   1 17 
   7   1   4   5   0   1 20 
   5   1   0   3   3   1 20 
   6   0   2   2   3   1 20 
   5   5   9   0   2   1 21 
   4   8   3   7   0   1 23 
   9   0   2   5   5   1 23 
   7   5   7   3   0   1 25 
   9   6   0   3   7   1 25 
   5   5   3   7   0   1 26 
   7   4   0   1   6   2 29 27 
  10   5   3   0   6   1 28 
   2   2   4   8   0   1 32
   9   5   4   0   2   1 32
  10   1   0   1   2   1 32
   1   0   6   2   3   1 32
   0   0   0   0   0   0 
