
  32    4
  10   10   10   10

   0   0   0   0   0   7 2 3 4 6 8 9 14 
   9   1   0   1   3   4 15 11 7 5 
   5   2   1   1   0   6 19 17 15 13 12 11 
   6   2   4   0   1   5 16 15 13 12 10 
  10   7  10   0   1   5 31 19 17 16 13 
   7   7   6   0   2   2 16 7 
   8   4   4   0   3   5 31 22 19 18 12 
   4   5   0   2   3   4 25 21 18 11 
  10   4   2   7   0   6 31 26 21 20 19 18 
   3   2   7   4   0   6 31 30 24 22 20 19 
  10   0   6   4   3   3 31 20 16 
   9   5   0   4   5   6 30 26 25 24 21 20 
   7   3   3   0   6   5 25 22 21 20 18 
   8   4   0   4   5   5 31 30 26 21 18 
   3   0   2   1   8   5 31 26 25 22 20 
   7   4   4   0   5   5 30 26 24 23 22 
   7   7   2   8   0   4 30 25 22 20 
   7   5   4   5   0   2 24 23 
   6   0   3   4   6   3 29 28 25 
   8   5   0   3   6   2 27 23 
  10   0   2   2   4   2 27 23 
   1   0   3   9   2   3 29 28 27 
   6   3   0   5   1   2 29 28 
   4   4   0   4   4   1 27 
   6   0   4   5   1   1 27 
   7   4   3   0  10   1 28 
  10   0   5   2   6   1 32
   7   6   2   5   0   1 32
   8   3   3   4   0   1 32
   6   1   5   0   3   1 32
   9   4   7   4   0   1 32
   0   0   0   0   0   0 
