
  32    4
  10   10   10   10

   0   0   0   0   0   2 2 6 
   6   1   1   1   0   1 3 
   7   3   6   3   0   1 4 
   5   0   2   4   1   2 15 5 
   8   8   5   0   7   2 10 7 
   2   7   3   7   0   1 7 
   7   3   4   6   0   1 8 
   5   5   0   7   5   1 9 
   9   3   7   5   0   2 19 11 
  10   2   3   0   5   2 19 12 
   3   4   0   6   6   1 12 
   7   3   0   2   4   1 13 
   3   5   3   3   0   1 14 
   9   3   4   3   0   2 21 16 
   7   4   4   4   0   2 21 18 
   9   3   5   0   5   1 17 
   7   3   4   3   0   1 18 
   5   0   1   2   5   1 20 
   7   4  10   0   4   1 20 
   4   3   0   4   4   1 22 
   1   4   4   1   0   1 22 
   9   3   7   4   0   1 23 
   7   2   0   7   2   1 24 
   7   7   2   0   3   1 25 
  10   1   4   0   2   2 30 26 
   5   7   3   5   0   1 27 
   9   3   0   4   7   1 28 
   5   5   0   3   3   1 29 
  10   5   3   3   0   1 31 
   6   3   0   5   3   1 31 
   4   8   3   0   2   1 32
   0   0   0   0   0   0 
