
  32    4
  10   10   10   10

   0   0   0   0   0  20 2 3 4 5 6 8 9 10 11 12 22 23 24 25 26 27 28 29 30 31 
  10   0   1   1   1   4 19 15 13 7 
   4   0   5   6   5   3 18 17 15 
   3   1   7   7   0   3 21 19 13 
   5   3   5   0   7   2 16 14 
   8   5   0   5   3   2 18 15 
   7   1   5   1   0   1 20 
   2   0   3   8   5   1 14 
   6   9   4   2   0   1 17 
   5   2   0   4   4   1 14 
   5   4   3   3   0   1 16 
   1   7   0   2   2   1 13 
  10   2   4   5   0   1 32
   4   0   3   9   5   1 32
   4   5   2   0   3   1 32
   9   8   3   0   6   1 32
  10   2   0   5   1   1 32
  10   4   4   0   5   1 32
   4   0   3   3   4   1 32
   8   9   0   4   1   1 32
   3   1   0   1   4   1 32
   2   0   5   5   4   1 32
   6   2   3   6   0   1 32
   9   2   3   4   0   1 32
   3   5   5   3   0   1 32
   6   5   8   4   0   1 32
   5   7   5   0   4   1 32
   4   3   4   0   4   1 32
   5   1   0   2   6   1 32
   7   4   4   5   0   1 32
   3   0   3   1   6   1 32
   0   0   0   0   0   0 
