
  32    4
  10   10   10   10

   0   0   0   0   0  11 2 4 5 6 7 8 9 10 12 13 17 
   8   1   0   1   1   4 29 20 16 3 
   4   0   1   8   2   6 31 30 28 23 19 11 
  10   2   7   0   3   7 29 28 23 19 18 15 14 
   6   4   0   4   3   7 29 28 23 19 18 16 15 
   1   6   2   3   0   5 31 21 20 19 14 
   9   4   3   7   0   5 30 29 22 19 15 
   1   5   0   4   6   5 30 29 27 19 18 
   8   4   1   3   0   5 29 28 23 19 18 
   3   4   4   0   4   4 31 30 26 15 
   3   7   0   4   4   3 22 18 15 
   5   7   8   5   0   4 27 26 21 20 
   6   1   5   2   0   2 26 15 
   7   2   0   4   5   4 27 26 25 22 
   8   3   4   3   0   3 27 24 21 
   8   0   3   3   4   3 26 25 22 
   2   6   6   0   5   1 18 
   6   4   4   5   0   3 26 25 24 
   4   7   3   3   0   2 26 24 
   9   3   4   0   3   2 28 24 
   2   2   0   3   5   1 25 
   3   6   0   5   7   1 24 
   5   3   0   3   4   1 25 
   9   5   0   6   1   1 32
   9   0   5   6   2   1 32
   9   3   3   0   7   1 32
  10   0   6   1   3   1 32
   2   4   4   0   2   1 32
   1   2   5   3   0   1 32
   2   0   3   7   9   1 32
   5   5   3   3   0   1 32
   0   0   0   0   0   0 
