
  32    4
  10   10   10   10

   0   0   0   0   0   1 2 
   5   0   1   1   1   1 3 
   9   1   5   0   4   1 4 
   8   2   8   0   3   1 5 
  10   0   6   2   3   1 6 
   7   5   7   0   4   1 7 
   7   0   3   3   1   1 8 
  10   7   6   0   3   1 9 
   3   4   4   0   1   2 13 10 
   6   0   3   4   4   1 11 
   3   2   0   5   3   1 12 
   1   2   6   5   0   1 14 
   5   3   0   1   2   1 14 
   5   5   5   0   7   1 15 
   4   0   4   4   7   1 16 
   1   6   5   0   4   1 17 
   1   3   0   4   3   2 23 18 
   3   3   3   3   0   1 19 
   7   3   0   3   5   2 31 20 
   4   4   4   0   7   1 21 
   9   7   0   5   2   1 22 
   3   0   2   3   3   1 24 
   6   7   1   0   4   2 31 26 
   4   4   4   6   0   1 25 
   7   3   3   4   0   1 26 
   4   4   4   0   9   1 27 
   2   5   2   6   0   1 28 
   6   3   0   7   5   1 29 
   5   3   2   5   0   1 30 
   7   6   4   8   0   1 32
   2   4   0   1   7   1 32
   0   0   0   0   0   0 
