
  32    4
  10   10   10   10

   0   0   0   0   0  12 2 4 5 6 7 9 10 11 12 13 14 17 
   3   0   1   1   1   5 29 23 19 16 3 
   5   1   4   0   4   5 31 30 28 22 8 
   4   0   2   1   3   6 28 22 21 19 18 15 
   5   3   4   3   0   6 29 28 22 21 19 15 
   7   3   0   2   9   6 30 27 23 21 20 19 
  10   2   2   0   3   4 29 21 19 15 
   1   2   5   0   7   3 21 18 15 
   2   7   0   4   2   4 29 22 19 18 
   4   4   3   0   1   4 31 29 24 19 
   3   4   0   4   1   2 30 15 
   5   3   0   8   3   4 27 26 24 21 
   9   0   4   1   7   4 27 26 25 20 
  10   5   2   0   4   3 25 23 20 
   5   8   6   0   4   3 27 25 20 
   7   2   6   3   0   3 26 24 21 
  10   7   5   0   2   1 18 
   1   0   5   7   6   3 26 25 24 
   8   6   7   3   0   2 26 25 
   2   6   4   0   5   1 24 
   1   0   5   6   6   1 25 
   7   7   0   6   5   1 24 
   3   3   2   0   3   1 28 
   1   2   3   0   4   1 32
   8   3   9   7   0   1 32
   7   2   6   2   0   1 32
   1   2   3   4   0   1 32
   2   6   3   0   2   1 32
   5   5   1   6   0   1 32
   5   3   0   4   6   1 32
   6   4   4   0   4   1 32
   0   0   0   0   0   0 
