
  32    4
  10   10   10   10

   0   0   0   0   0   4 2 5 6 18 
   5   1   1   1   0   4 31 17 16 3 
  10   4   4   0   1   2 29 4 
   8   3   4   2   0   4 30 28 27 7 
   6   0   3   2   5   4 29 28 27 7 
   5   4   0   3   6   4 29 28 27 7 
  10   5   5   3   0   1 8 
   9   0   4   5   6   3 24 15 9 
   2   0   7   1   1   3 26 25 10 
  10   6   0   3   6   1 11 
   3   0   6   2   3   3 22 21 12 
   4   6   0   6   2   2 20 13 
  10   8   0   4   5   1 14 
  10   2   0   5   3   1 19 
   9   0   1   3   5   1 23 
   4   6   6   5   0   1 23 
   4   4   0   4   4   1 20 
   5   2   0   3   5   1 24 
   5   0   5   3   5   1 32
   9   0   5   9   2   1 32
   3   4   0   7   3   1 32
  10   5   0   1   4   1 32
   8   2   6   0   2   1 32
   4   3   0   5   5   1 32
   5   0   2   4   5   1 32
   9   0   2   3   5   1 32
   9   7   0   8   3   1 32
   5   2   3   6   0   1 32
  10   3   0   7   3   1 32
   3   3   0   5   6   1 32
   3   4   0   2   5   1 32
   0   0   0   0   0   0 
