
  32    4
  10   10   10   10

   0   0   0   0   0   7 2 3 4 6 8 11 14 
   5   1   1   1   0   4 15 10 7 5 
   5   5   0   5   1   6 19 17 15 13 12 10 
   4   2   6   4   0   5 16 15 13 12 9 
   7   0   3   2   8   5 31 19 17 16 13 
  10   0   7   7   1   2 16 7 
   1   5   3   0   6   5 31 22 19 18 12 
   6   4   3   6   0   6 31 30 21 20 19 18 
   5   0   4   3   2   6 31 29 24 22 20 19 
   2   3   0   6   6   3 31 20 16 
   3   3   3   2   0   3 21 18 16 
   5   4   0   4   4   6 30 29 25 24 21 20 
   9   0   3   4   1   5 25 22 21 20 18 
  10   0   2   4   7   5 31 30 29 21 18 
   1   8   8   0   4   5 31 30 25 22 20 
   8   2   9   0   4   5 30 29 24 23 22 
   7   4   4   0   6   4 29 25 22 20 
  10   5   0   6   2   2 24 23 
   7   3   0   2   1   3 28 27 25 
   6   3   0   4   5   2 26 23 
   3   6   0   4   3   2 26 23 
   9   5   0   3   3   3 28 27 26 
   8   0   2   4   3   2 28 27 
   5   3   3   5   0   1 26 
   9   7   4   3   0   1 26 
   1   3   5   0   4   1 32
   7   3   0   4   6   1 32
   4   4   5   0   7   1 32
   3   2   3   0   4   1 32
   4   0   2   4   6   1 32
   3   7   0   5   2   1 32
   0   0   0   0   0   0 
