
  32    4
  10   10   10   10

   0   0   0   0   0   3 2 11 31 
   2   2   0   1   1   1 3 
   2   0   1   4   5   2 14 4 
   5   7   5   5   0   1 5 
   5   7   0   8   5   1 6 
   9   4   4   0   2   1 7 
   8   0   5   4   8   2 27 8 
   1   0   5   4   5   1 9 
   3   1   0   5   6   1 10 
   1   3   3   0   3   2 26 12 
   9   3   0   6   3   2 26 12 
   4   0   5   5   2   1 13 
   3   0   2   4   3   1 15 
   3   0   1   6   2   1 15 
   2   4   0   2   3   1 16 
   4   4   7   3   0   1 17 
   6   3   5   5   0   1 18 
   7   4   6   5   0   1 19 
   6   5   4   0   4   1 20 
   2   3   4   5   0   1 21 
   2  10   0   5   5   2 30 22 
   6   4   5   0   3   1 23 
  10   3   3   0   3   1 24 
   9   2   2   3   0   1 25 
   6   5   0   2   6   1 28 
   4   1   0   2   5   1 28 
   7   4   0   3   5   1 28 
   2   4   5   0   8   1 29 
   2   0   4   3   2   1 32
   3   5   5   3   0   1 32
   1   0   3   3   3   1 32
   0   0   0   0   0   0 
