
  32    4
  10   10   10   10

   0   0   0   0   0  11 2 4 5 6 7 9 10 11 12 13 17 
   3   1   1   0   1   5 29 23 19 16 3 
   3   4   0   1   3   5 31 30 28 22 8 
   8   0   4   1   8   7 29 28 22 21 19 18 15 
   8   2   5   0   3   6 28 22 19 18 15 14 
   3   4   0   4   6   6 30 27 23 21 20 19 
  10   4   5   0   7   4 29 21 19 15 
   2   0   3   5   7   3 21 18 15 
   9   0   4   5   2   4 29 22 19 18 
  10   5   5   2   0   4 31 29 24 19 
   1   3   0   1   2   4 27 25 23 20 
   5   0   4   2   6   2 30 15 
   4   4   2   3   0   2 26 15 
   3   0   7   6   2   4 27 26 24 21 
   9   0   3   5   2   3 27 25 20 
   8   4   0   6   3   3 26 24 21 
   5   5   0   2   4   1 18 
   2   3   0   4   2   3 26 25 24 
   9   4   0   5   6   2 26 25 
   7   5   0   5   5   1 24 
   2   6   5   8   0   1 25 
   4   6   0   4   5   1 24 
   2   2   0   5   3   1 28 
  10   0   4   2   5   1 32
   7   5   0   6   6   1 32
   9   5   0   4   1   1 32
   1   5   0   5   5   1 32
  10   0   4   7   4   1 32
  10   4   5   0   4   1 32
   8   4   0   3   2   1 32
  10   3   3   3   0   1 32
   0   0   0   0   0   0 
