
  32    4
  10   10   10   10

   0   0   0   0   0   1 2 
   1   1   1   0   1   2 8 3 
   6   5   3   0   1   2 11 4 
   3   4   3   0   2   2 22 5 
   7   0   1   1   5   1 6 
   5   4   0   5   3   2 25 7 
   8   0   4   5   6   2 17 9 
   4   5   3   0   3   1 9 
   8   2   0   3   4   1 10 
   3   0   3   6   5   1 12 
   4   3   0   5   7   4 31 25 24 14 
   1   0   8   2   3   3 31 24 13 
   2   0   3   5   3   1 14 
   5   0   5   5   5   1 15 
   4   4   4   8   0   1 16 
   6   0   3   4   2   1 18 
   7   0   4   4   4   1 18 
   2   6   5   0   3   2 30 19 
   8   0   3   4   3   2 29 20 
   1   4   6   3   0   1 21 
   3   1   4   4   0   1 23 
   4   5   0   5   6   1 23 
   8   0   3   4   5   1 26 
   2   4   7   0   3   1 26 
   9   4   7   0   4   1 26 
   9   4   4   0   3   1 27 
   7   0   4   3   6   1 28 
   8   0   4   3   2   1 32
   2   0   3   3   6   1 32
   8   2   5   0   8   1 32
   8  10   0   2   5   1 32
   0   0   0   0   0   0 
