
  32    4
  10   10   10   10

   0   0   0   0   0  12 2 4 5 7 8 9 11 12 14 15 16 22 
   4   1   1   0   1   5 29 28 20 10 3 
   9   6   0   1   4   6 31 30 27 21 17 6 
   3   6   0   4   3   5 27 26 21 18 17 
   7   3   2   6   0   5 28 26 25 20 18 
   5   4   0   8   2   4 26 25 19 13 
   6   0   3   6   3   4 29 21 20 17 
   4   0   2   4   4   2 31 13 
   1   4   3   4   0   4 29 26 25 23 
   6   6   0   6   2   3 25 23 19 
  10   4   5   3   0   3 28 27 23 
   6   6   0   2   5   3 27 26 24 
   1   0   2   2   5   2 24 18 
  10   5   7   0   2   2 30 20 
   3   0   4   2   8   2 26 18 
   9   5   0   2   5   2 25 19 
   4   3   0   4   4   2 25 23 
   2   0   4   3   6   1 23 
   8   0   5   3   6   1 24 
   1   0   6   6   5   1 24 
   6   3   0   4   4   1 23 
   8   0   6   4   6   1 25 
   9   3   5   0   5   1 32
   9   2   0   4   4   1 32
   1   5   0   4   5   1 32
   8   2   5   3   0   1 32
   1   0   2   3   2   1 32
  10   5   2   0   5   1 32
   2   0   7   5   2   1 32
  10   3   5   5   0   1 32
   2   4   0   6   2   1 32
   0   0   0   0   0   0 
