
  32    4
  10   10   10   10

   0   0   0   0   0  12 2 4 5 6 7 8 10 11 12 15 16 18 
  10   1   0   1   1   5 30 28 21 14 3 
   7   4   1   4   0   6 31 29 27 22 17 9 
   1   2   3   0   6   6 27 22 21 20 17 13 
   4   1   4   5   0   7 30 29 27 26 25 21 19 
   4   2   0   7   3   5 28 25 21 20 13 
   9   3   0   3   1   5 27 25 21 20 13 
   9   4   1   6   0   4 28 22 21 17 
   6   0   6   1   7   3 25 20 13 
   8   0   4   3   3   2 29 13 
   4   5   4   0   3   4 30 27 23 19 
   9   0   3   5   8   4 26 25 23 19 
   4   0   4   5   5   3 26 23 19 
   2   4   3   0   5   3 25 24 20 
   4   5   0   4   7   3 31 28 21 
   6   0   4   3   3   3 26 25 20 
   7   3   4   0   4   3 25 24 23 
   5   5   0   2   1   2 25 24 
   7   0   3   4   3   1 24 
   6   0   9   6   5   1 23 
   1   7   6   5   0   1 23 
   9   5   0   3   5   1 24 
   6   6   0   4   2   1 32
   6   5   5   0   4   1 32
   3   4   0   4   4   1 32
   1   4   0   3   1   1 32
   2   6   6   1   0   1 32
  10   0   4   7   4   1 32
   6   4   0   6   4   1 32
   2   5   3   0   8   1 32
   7   3   3   0   3   1 32
   0   0   0   0   0   0 
