
  32    4
  10   10   10   10

   0   0   0   0   0  17 2 3 4 5 6 7 8 10 11 12 13 14 15 16 29 30 31 
   9   1   1   0   1   6 28 25 22 19 18 9 
   3   4   4   1   0   4 23 22 21 18 
   7   0   7   5   1   4 25 24 20 19 
   5   0   5   2   2   3 27 22 18 
   3   5   7   2   0   2 21 17 
   1   6   0   4   5   2 21 19 
  10   2   5   5   0   2 20 19 
   3   0   4   4   2   1 20 
  10   5   0   4   6   1 24 
   2   5   3   7   0   1 17 
   3   4   4   2   0   1 17 
  10   0   4   2   2   1 23 
   2   2   0   2   3   1 26 
  10   6   2   4   0   1 18 
   2   4   0   6   5   1 17 
   8   4   0   7   6   1 32
   1   2   0   4   4   1 32
   4   4   5   0   2   1 32
   8   4   0   6   5   1 32
   7   9   0   3   3   1 32
   9   5   2   0   6   1 32
   9   5   6   0   5   1 32
   9   4   6   0   4   1 32
  10   3   5   0   6   1 32
   4   2   3   0   5   1 32
   2   4   0   4   3   1 32
   7   0   2   3   5   1 32
   4   3   0   4   4   1 32
   4   3   0   4   6   1 32
   8   0   1   7   5   1 32
   0   0   0   0   0   0 
