
  32    4
  10   10   10   10

   0   0   0   0   0   4 2 29 30 31 
   6   0   1   1   1   1 3 
   1   0   6   5   7   1 4 
   2   1   5   0   2   1 5 
   1   5   0   3   3   1 6 
   9   2   2   7   0   2 28 7 
   1   0   7   6   6   2 27 8 
   3   1   3   0   1   1 9 
  10   4   3   0   3   1 10 
   9   0   4   3   3   1 11 
   6   3   0   5   4   1 12 
   7   3   0   3   3   1 13 
   5   0   4   2   2   1 14 
   9   5   2   5   0   1 15 
   5   5   0   3   4   2 26 16 
   3   5   0   5   5   1 17 
   3   2   3   6   0   1 18 
   9   0   2   2   4   1 19 
  10   4   7   0   6   1 20 
   2   0   5   4   5   1 21 
   1   7   2   8   0   1 22 
   1   4   6   0   9   1 23 
   4   5   4   2   0   1 24 
   6   4   2   3   0   1 25 
   8   0   4   4   6   1 32
  10   3   0   4   3   1 32
   3   3   0   2   1   1 32
  10   6   7   0   4   1 32
   5   8   2   3   0   1 32
   2   0   4   6   4   1 32
   2   0   7   4   6   1 32
   0   0   0   0   0   0 
