
  32    4
  10   10   10   10

   0   0   0   0   0  12 2 4 5 7 8 9 11 12 14 15 16 22 
   1   1   1   1   0   5 29 28 20 10 3 
   8   4   3   4   0   6 31 30 27 21 17 6 
   9   5   6   4   0   5 27 26 21 18 17 
   2   3   4   4   0   5 28 26 25 20 18 
  10   1   2   4   0   4 26 25 19 13 
   7   4   5   6   0   4 29 21 20 17 
   6   6   3   0   1   3 31 26 13 
   6   0   2   5   5   5 29 26 25 24 23 
   7   2   3   0   4   3 25 23 19 
   8   9   3   5   0   3 28 27 23 
   3   6   7   4   0   3 27 26 24 
   8   6   0   4   6   2 24 18 
   6   0   2   2   3   2 30 20 
   3   5   0   5   4   2 26 18 
   7   6   7   0   5   2 25 19 
   8   4   8   3   0   2 25 23 
   9   3   6   3   0   1 23 
   4   5   3   3   0   1 24 
   9   3   6   0   6   1 24 
   7   4   5   8   0   1 23 
   5   3   2   5   0   1 25 
   1   3   3   4   0   1 32
   2   1   0   2   2   1 32
   5   4   0   6   3   1 32
   3   1   4   0   7   1 32
   1   5   4   4   0   1 32
  10   4   3   1   0   1 32
   5   4   6   0   4   1 32
  10   7   3   0   2   1 32
   1   3   3   5   0   1 32
   0   0   0   0   0   0 
