
  32    4
  10   10   10   10

   0   0   0   0   0  13 2 4 7 8 9 10 11 16 17 18 19 20 31 
  10   1   1   0   1   8 30 29 28 26 25 15 14 3 
   4   0   2   1   1   3 27 23 5 
   2   0   7   3   3   6 26 25 24 23 15 12 
  10   0   1   5   6   3 24 13 6 
   4   5   0   3   5   2 22 12 
   3   5   4   0   2   2 28 14 
   2   0   6   4   3   2 27 12 
   9   4   0   3   2   2 26 14 
  10   6   6   0   4   2 25 21 
   9   2   6   2   0   1 13 
   9   1   0   2   7   1 21 
   3   0   6   5   3   1 22 
   1   2   0   4   2   1 22 
   9   6   0   6   7   1 21 
  10   8   0   7   1   1 24 
   6   6   4   4   0   1 24 
   5   4   0   4   6   1 23 
   4   6   2   6   0   1 23 
   8   0   4   2   4   1 23 
   9   2   4   4   0   1 32
   4   3   0   3   5   1 32
   1   5   6   5   0   1 32
   7   4   4   4   0   1 32
   4   6   0   6   5   1 32
   5   2   4   0   3   1 32
   4   3   1   0   6   1 32
  10   2   6   0   4   1 32
   9   5   0   3   5   1 32
   2   4   0   6   6   1 32
   5   0   2   4   5   1 32
   0   0   0   0   0   0 
