
  32    4
  10   10   10   10

   0   0   0   0   0  13 2 4 6 7 8 10 11 12 17 18 19 20 31 
   7   1   0   1   1   6 30 29 28 26 15 3 
   6   4   0   2   3   4 27 25 16 5 
   5   2   0   3   4   6 26 25 24 23 16 13 
   9   4   1   0   5   4 24 23 14 9 
   2   6   4   1   0   3 26 23 15 
  10   3   4   7   0   3 29 25 21 
   4   8   2   0   5   3 23 22 21 
   1   7   3   6   0   2 22 13 
   1   0   2   3   5   2 28 15 
   1   5   6   3   0   2 27 13 
   4   0   5   7   6   1 14 
  10   6   0   5   6   1 21 
   8   5   7   6   0   1 22 
   3   0   1   5   4   1 22 
   3   4   0   6   2   1 21 
   3   3   0   1   2   1 24 
   2   4   4   0   2   1 24 
   6   2   0   4   4   1 23 
   3   3   0   5   2   1 23 
   5   1   4   2   0   1 32
   7   4   6   0   2   1 32
   4   2   6   5   0   1 32
   5   7   0   4   4   1 32
   3   3   4   0   5   1 32
   2   3   3   0   4   1 32
   5   3   0   1   7   1 32
   4   3   0   4   6   1 32
   9   5   3   0   6   1 32
   5   0   3   6   3   1 32
   2   6   8   5   0   1 32
   0   0   0   0   0   0 
