
  32    4
  10   10   10   10

   0   0   0   0   0   1 2 
   2   1   1   1   0   1 3 
  10   3   4   0   1   1 4 
   3   5   0   5   4   1 5 
   3   6   3   0   2   1 6 
   3   5   0   1   5   1 7 
   4   2   0   1   2   1 8 
   6   1   7   2   0   1 9 
   1   7   0   6   4   1 10 
   6   3   4   0   9   2 12 11 
   8   6   0   4   1   1 13 
   6   6   0   6   2   1 13 
   6   4   0   6   1   1 14 
   5   0   4   3   2   1 15 
   6   4   0   3   7   1 16 
   2   3   4   0   4   1 17 
   1   6   0   5   4   1 18 
   5   3   4   0   3   1 19 
  10   0   4   4   8   2 22 20 
   7   0   6   4   5   1 21 
   6   8   2   0   5   1 23 
  10   6   2   5   0   1 23 
  10   3  10   0   7   1 24 
   9   4   0   2   5   1 25 
   1   3   4   0   3   2 27 26 
   7   5   2   4   0   1 28 
   8   1   0   7   4   1 28 
   4   1   0   5   8   1 29 
   6   0   2   4   4   1 30 
   4   5   5   0   2   1 31 
   2   3   0   6   2   1 32
   0   0   0   0   0   0 
