
  32    4
  10   10   10   10

   0   0   0   0   0  12 2 4 5 6 7 8 10 11 14 15 16 22 
   2   0   1   1   1   5 29 28 20 13 3 
   1   0   2   6   3   6 31 30 27 21 17 9 
   9   1   2   0   5   6 27 26 21 20 18 17 
   1   4   0   3   3   4 28 25 19 12 
   5   3   5   0   3   6 27 26 25 23 20 19 
   1   6   5   2   0   5 29 26 25 20 18 
   1   1   5   6   0   4 28 21 20 17 
   7   5   0   4   3   3 25 19 12 
   6   7   0   5   5   2 31 12 
   4   4   6   0   5   4 29 27 24 23 
   8   6   0   5   6   3 26 24 18 
   9   2   0   6   3   3 25 23 19 
   5   4   0   5   2   3 30 28 20 
   5   5   3   3   0   3 26 25 19 
   1   0   4   6   4   3 26 25 18 
   6   3   0   3   5   2 25 23 
   4   8   3   7   0   1 23 
   4   4   7   4   0   1 24 
   9   7   0   2   5   1 24 
   1   0   5   6   8   1 23 
   3   3   2   3   0   1 25 
   7   8   4   0   3   1 32
  10   1   7   0   2   1 32
   2   0   5   2   3   1 32
   2   0   5   3   5   1 32
   2   3   0   4   7   1 32
  10   3   3   0   6   1 32
   5   2   4   2   0   1 32
   5   2   3   0   1   1 32
   3   4   3   4   0   1 32
   0   0   0   0   0   0 
