
  32    4
  10   10   10   10

   0   0   0   0   0  21 2 3 4 7 8 16 17 18 19 20 21 22 23 24 25 26 27 28 29 30 31 
  10   1   1   0   1   3 15 14 5 
   7   3   4   0   4   2 10 6 
   6   3   3   1   0   2 13 9 
   3   3   3   0   2   1 12 
   9   3   4   4   0   1 11 
   8   0   4   3   3   1 10 
   5   1   0   3   3   1 9 
   9   5   5   8   0   1 32
   1   0   5   6   4   1 32
   7   1   4   6   0   1 32
   4   5   0   5   5   1 32
   3  10   5   0   4   1 32
   4   8   0   4   6   1 32
   4   3   4   0   2   1 32
   6   5   4   4   0   1 32
   1   0   3   2   5   1 32
   3  10   1   0   3   1 32
  10   4   0   4   4   1 32
  10   5   0   6   4   1 32
   8   2   6   2   0   1 32
   6   2   5   2   0   1 32
   3   3   5   0   5   1 32
   5   0   6   3   5   1 32
   3   2   8   7   0   1 32
   8   4   0   1   5   1 32
   2   3   3   0   4   1 32
  10   5   2   0   5   1 32
  10   0   3   5   4   1 32
  10   5   0   4   4   1 32
   7   0   4   4   6   1 32
   0   0   0   0   0   0 
