
  32    4
  10   10   10   10

   0   0   0   0   0   7 2 3 4 6 8 9 14 
  10   0   1   1   1   4 15 11 7 5 
   4   0   3   4   6   6 19 17 15 13 12 11 
   4   0   5   2   2   5 16 15 13 12 10 
   8   0   3   6   3   5 31 19 17 16 13 
   1   1   5   0   5   2 16 7 
   1   4   4   4   0   5 31 22 19 18 12 
   5   5   5   4   0   6 31 25 21 20 18 16 
   9   5   0   1   7   6 31 30 21 20 19 18 
   7   3   4   8   0   6 31 29 24 22 20 19 
   8   6   2   6   0   3 31 20 16 
   1   6   4   0   7   6 30 29 25 24 21 20 
   8   0   6   6   2   5 25 22 21 20 18 
   1   3   2   0   2   5 31 30 29 21 18 
   5   0   4   2   7   5 31 30 25 22 20 
  10   2   0   4   3   5 30 29 24 23 22 
   5   1   5   0   4   4 29 25 22 20 
   9   3   6   0   6   2 24 23 
   6   4  10   0   4   3 28 27 25 
   2   0   4   4   6   2 26 23 
   3   0   4   4   5   2 26 23 
   8   6   3   0   4   3 28 27 26 
   6   0   3   6   3   2 28 27 
   8   3   3   3   0   1 26 
   2   4   0   3   3   1 26 
   9   4   2   2   0   1 32
   4   6   9   0   5   1 32
   3   3   2   0   2   1 32
   4   2   2   0   3   1 32
   7   3   4   0   2   1 32
   2  10   3   6   0   1 32
   0   0   0   0   0   0 
