
  32    4
  10   10   10   10

   0   0   0   0   0   3 2 30 31 
   1   0   1   1   1   1 3 
  10   1   4   0   4   1 4 
   8   2   4   0   4   1 5 
   9   4   0   5   5   1 6 
   8   3   9   6   0   1 7 
   1   5   0   4   3   1 8 
   2   3   0   4   6   1 9 
   9   7   0   2   3   1 10 
   9   0   2   1   7   1 11 
   2   3   1   0   3   1 12 
   4   4   3   0   1   1 13 
   7   0   8   5   2   1 14 
   1   8   0   5   6   1 15 
   2   3   3   0   6   1 16 
   5   0   3   3   5   1 17 
   3   5   0   9   4   1 18 
   1   3   3   7   0   2 29 19 
   4   0   9   5   3   1 20 
   4   5   4   0   4   1 21 
   2   0   3   4   3   1 22 
   2   0   4   3   5   1 23 
   9   0   3   2   5   1 24 
   8   3   3   5   0   1 25 
  10   8   0   5   5   1 26 
   7   1   6   0   6   1 27 
   2   0   7   2   3   1 28 
  10   0   3   2   3   1 32
   2   0   4   6   2   1 32
   5   0   3   4   5   1 32
   4   0   2   2   4   1 32
   0   0   0   0   0   0 
