
  32    4
  10   10   10   10

   0   0   0   0   0   7 2 3 4 5 10 11 16 
   8   1   1   0   1   4 15 12 9 6 
  10   4   3   0   3   8 31 29 22 21 18 17 15 14 
   7   0   5   1   4   5 22 18 14 12 8 
  10   5   5   0   8   3 17 14 7 
   4   9   5   4   0   7 31 30 29 22 21 20 13 
   6   3   5   0   5   7 31 29 24 22 21 20 18 
   5   0   3   3   4   8 30 29 28 24 23 21 20 19 
   5   4   0   3   2   6 31 29 23 20 19 17 
   8   0   3   1   5   4 31 29 22 18 
   2   0   3   3   4   4 23 22 20 17 
   2   4   0   4   2   5 31 29 24 23 19 
   1   4   0   2   4   3 24 19 18 
   6   3   0   5   3   4 28 24 23 19 
  10   0   1   2   1   4 30 23 20 19 
   9   2   3   3   0   2 24 18 
   8   3   0   4   5   5 30 28 27 26 25 
  10   0   3   6   4   4 28 26 25 23 
  10   3   4   6   0   3 27 26 25 
   8   5   5   8   0   3 27 26 25 
   6   5   8   6   0   3 27 26 25 
   4   5   0   3   3   2 26 25 
   6   4   9   0   3   1 27 
   5   2   2   5   0   1 25 
  10   9   0   6   5   1 32
   5   0   4   4   6   1 32
   6   5   3   4   0   1 32
   2   3   3   0   8   1 32
   9   2   6   3   0   1 32
   1   4   0   7   4   1 32
   2   3   0   3   4   1 32
   0   0   0   0   0   0 
