
  32    4
  10   10   10   10

   0   0   0   0   0   4 2 3 4 6 
   1   1   0   1   2   3 9 7 5 
  10   7   1   2   0   2 7 5 
   9   7   5   5   0   3 11 9 8 
   3   3   3   0   5   3 11 10 8 
   7   4   6   0   2   3 11 10 8 
   2   5   5  10   0   3 13 11 10 
   5   7   0   3   2   2 13 12 
   3   2   3   0   3   2 18 10 
   1   7   5   0   6   3 19 15 14 
   2   3   4   0   5   5 20 18 17 16 15 
   1   0   5   3   6   2 15 14 
   4   3   0   3   2   4 20 19 18 15 
  10   6   5   3   0   3 20 17 16 
   2   3   0  10   3   3 27 23 21 
   1   4   0   5   7   3 27 23 21 
   9   2   0   4   4   3 30 22 21 
  10   2   0   3   4   3 31 23 22 
   5   5   0   3  10   4 31 30 26 22 
   7   0   3   1   4   3 31 30 22 
   8   0   2   3   2   4 31 26 25 24 
   5   5   0   5   5   3 27 25 24 
   4   3   7   0   2   3 30 29 26 
  10   5   1   0   3   1 29 
   5   4   0   4   4   1 28 
  10   4   0   2   3   1 28 
   8   2   6   5   0   1 28 
   7   2   0   4   4   1 32
   9   4   0   5   4   1 32
   6   4   4   5   0   1 32
   9   0   3   3   4   1 32
   0   0   0   0   0   0 
