
  32    4
  10   10   10   10

   0   0   0   0   0  13 2 4 6 7 8 9 11 13 17 18 19 20 21 
   1   1   0   1   1   6 31 30 29 27 16 3 
   5   3   0   6   3   4 28 26 12 5 
   8   2   0   5   5   5 27 26 25 14 12 
   6   3   1   0   3   4 25 24 15 10 
   3   0   6   5   5   4 25 24 23 22 
   4   3   0   6   6   3 28 23 14 
   5   4   4   0   3   3 27 24 16 
   9   0   4   3   2   3 30 26 22 
  10   3   0   4   4   2 23 14 
   5   4   0   2   3   2 29 16 
   6   4   3   2   0   2 24 22 
   7   4   6   0   2   1 15 
   2   0   2   5   7   1 22 
   5   6   4   0   3   1 23 
   3   8   5   2   0   1 23 
   1   4   4   0   3   1 25 
   3   0   4   4   7   1 25 
   5   0   5   2   3   1 24 
   6   3   0   4   4   1 24 
   4   0   2   7   3   1 22 
   6   0   3   3   3   1 32
   9   8   3   2   0   1 32
   7   0   4   5   7   1 32
   1   4   0   7   2   1 32
   7   0   3   4   4   1 32
   3   0   6   5   6   1 32
   3   4   0   4   3   1 32
   6   6   6   0   5   1 32
   5   3   4   0   6   1 32
   3   3   5   0   5   1 32
   0   0   0   0   0   0 
