
  32    4
  10   10   10   10

   0   0   0   0   0   9 2 3 5 6 8 9 10 12 14 
   9   0   1   1   1   4 18 16 15 4 
   2   1   7   0   4   8 31 30 29 23 20 19 17 13 
   7   6   5   0   5   6 31 30 24 23 20 11 
   7   2   0   3   1   3 17 15 7 
   9   6   2   5   0   6 29 24 20 19 16 13 
   5   0   5   3   4   7 30 29 28 23 21 20 19 
   5   3   0   5   4   5 31 29 22 20 17 
   6   0   7   7   6   6 31 30 29 28 20 19 
   6   2   4   4   0   4 31 29 24 17 
   3   4   0   3   8   3 22 19 17 
   2   3   0   4   8   2 21 16 
  10   4   0   5   4   4 28 26 22 21 
   2   5   3   3   0   2 26 17 
   1   3   3   0   3   4 29 27 26 22 
   3   4   2   5   0   4 30 28 26 25 
   4   4   0   3  10   3 28 25 21 
   4   5   3   0   2   1 19 
   3   3   4   0   7   3 27 26 25 
   9   5   2   0   5   2 26 25 
   2   6   5   5   0   1 27 
   5   3   4   0   4   1 25 
   6   0   3   3   2   1 27 
   8   0   8   7   2   1 26 
   9   6   4   0   4   1 32
   6   3   4   0   3   1 32
   4   0   3   4   1   1 32
   3   3   0   6   4   1 32
  10   0   6   3   1   1 32
   5   5   0   3   3   1 32
   6   6   3   2   0   1 32
   0   0   0   0   0   0 
