
  32    4
  10   10   10   10

   0   0   0   0   0   3 2 8 21 
  10   1   1   1   0   1 3 
   1   0   6   4   1   1 4 
   9   5   1   0   5   2 12 5 
   3   2   3   0   8   1 6 
   6   5   6   2   0   1 7 
  10   3   5   5   0   2 25 9 
   8   2   4   2   0   2 25 10 
   9   4   3   0   6   1 10 
   6   4   3   0   2   1 11 
  10   4   2   4   0   2 23 13 
   5   5   6   7   0   2 23 13 
   6   3   0   8   4   1 14 
   3   4   0   8   4   1 15 
  10   0   4   2   3   1 16 
   9   0   5   3   3   1 17 
  10   2   5   3   0   1 18 
   2   0   3   2   4   1 19 
   8   6   5   0   4   1 20 
   8   5   5   0   3   1 22 
   6   4   0   5   3   1 22 
   8   1   5   0   4   2 31 24 
  10   7   5   0   6   2 31 24 
   3   4   6   3   0   1 26 
   5   0   6   4   4   1 26 
   6   0   2   2   5   1 27 
   6   5   0   4   4   1 28 
   7   0   4   5   4   1 29 
   9   2   4   0   5   1 30 
   5   7   2   0   2   1 32
   8   7   3   6   0   1 32
   0   0   0   0   0   0 
