
  32    4
  10   10   10   10

   0   0   0   0   0   1 2 
   2   1   1   0   1   1 3 
   2   5   4   1   0   1 4 
   4   4   6   3   0   1 5 
  10   0   5   6   6   1 6 
   6   5   0   6   2   1 7 
   7   0   3   4   4   1 8 
   2   4   3   2   0   1 9 
   7   0   4   4   4   1 10 
   5   5   3   0   4   2 24 11 
   3   7   7   0   5   1 12 
  10   1   4   3   0   2 31 13 
   3   3   3   5   0   1 14 
   1   0   5   4   2   1 15 
   7   4   3   0   4   1 16 
   3   4   4   0   4   1 17 
   8   3   1   0   2   1 18 
   3   0   5   5   3   1 19 
   1   0   2   4   6   1 20 
   2   2   0   2   6   1 21 
   3   4   8   0   2   1 22 
  10   0   5   3   5   1 23 
   2   0   3   5   2   2 30 25 
   9   3   5   6   0   2 30 25 
   2   5   0   9   5   1 26 
   8   5   3   5   0   1 27 
   7   0   5   2   6   1 28 
   8   2   4   5   0   1 29 
   3   7   0   3   4   1 32
   8   6   5   1   0   1 32
   6   4   3   0   7   1 32
   0   0   0   0   0   0 
