
  32    4
  10   10   10   10

   0   0   0   0   0  13 2 3 4 5 7 10 11 12 27 28 29 30 31 
  10   1   1   1   0   5 26 25 17 14 6 
   7   2   0   6   1   5 24 23 21 16 9 
   1   6   1   2   0   3 19 18 8 
   4   0   6   3   4   3 19 16 13 
   3   4   2   3   0   2 20 15 
   9   6   0   3   5   2 22 15 
   3   3   0   3   6   1 13 
   6   0   2   3   5   1 14 
   5   3   5   3   0   1 13 
   4   6   0   5   5   1 18 
   2   3   5   5   0   1 17 
   1   0   8   6   4   1 32
   8   4   0   7   3   1 32
   1   5   2   4   0   1 32
   7   0   6   4   2   1 32
   1   4   4   0   3   1 32
   4   6   0   4   4   1 32
   5   4   0   6   3   1 32
   5   0   7   4   3   1 32
   9   0   3   1   1   1 32
  10   2   4   0   7   1 32
   2   3   3   4   0   1 32
   3   0   4   2   5   1 32
   2   5   4   5   0   1 32
   5   3   5   4   0   1 32
   7   0   2   6   3   1 32
   3   7   5   0   6   1 32
   7   0   3   2   4   1 32
   7   3   0   8   5   1 32
   6   4   6   0   5   1 32
   0   0   0   0   0   0 
