
  32    4
  10   10   10   10

   0   0   0   0   0   3 2 4 31 
   7   1   2   1   0   1 3 
   4   1   0   2   1   3 29 28 5 
   4   0   5   7   7   2 30 5 
   4   0   3   3   4   1 6 
  10   4   2   0   6   3 27 26 7 
   5   0  10   3   3   1 8 
   3   5   0   4   1   3 25 24 9 
   8   2   5   5   0   2 23 10 
   3   4   4   8   0   1 11 
   7   0   3   5   6   1 12 
   8   5   5   4   0   2 22 13 
   8   4   3   0   2   1 14 
   9   0   3   4   6   4 21 20 17 15 
   5   4   5   7   0   2 18 16 
   1   0   4   5   6   1 19 
   5   3   3   0   4   1 18 
   6   3   0   2   4   1 32
   1   2   4   7   0   1 32
   1   3   0   3   6   1 32
   1   6   0   3   4   1 32
   3   4   2   0   8   1 32
   8  10   2   0   2   1 32
   3   0   3   6   5   1 32
   7   6   9   3   0   1 32
   4   0   4   2   1   1 32
   4   5   0   3   2   1 32
   4   5   3   0   4   1 32
   2   0   6   1   4   1 32
   7   4   0   4   2   1 32
   3   3   2   4   0   1 32
   0   0   0   0   0   0 
