
  32    4
  10   10   10   10

   0   0   0   0   0  13 2 4 6 7 9 10 11 15 16 17 18 19 31 
   1   1   1   1   0   8 30 29 28 26 25 24 14 3 
   5   5   3   5   0   3 27 22 5 
  10   4   6   0   2   5 26 24 22 14 12 
   1   5   2   0   5   3 23 13 8 
   4   2   0   4   5   3 28 25 21 
   7   4   4   0   3   3 26 25 21 
   6   3   2   0   4   2 21 12 
   5   6   5   7   0   2 27 12 
   2   0   7   6   4   2 24 20 
   8   4   0   1   5   1 13 
  10   0   2   2   4   1 20 
   7   4   6   0   3   1 21 
   6   1   4   0   1   1 20 
   5   0   4   4   3   1 23 
  10   1   0   6   4   1 23 
  10   0   4   3   6   1 22 
   5   6   4   6   0   1 22 
  10   4   2   0   6   1 22 
   8   4   0   3   4   1 32
   3   5   7   3   0   1 32
   4   3   6   3   0   1 32
   6   8   2   5   0   1 32
   5   0   4   4   4   1 32
   6   0   5   5   2   1 32
   4   4   5   5   0   1 32
   3   3   4   0   4   1 32
   2   0   3   3   2   1 32
   6   5   4   3   0   1 32
   9   6   0   5  10   1 32
  10   4   4   0   3   1 32
   0   0   0   0   0   0 
