
  32    4
  10   10   10   10

   0   0   0   0   0   7 2 3 4 6 10 13 14 
   8   0   1   2   1   4 15 11 9 5 
   8   1   0   1   4   5 19 17 15 12 9 
   3   4   5   0   2   4 15 12 11 8 
  10   2   0   3   3   7 31 30 22 19 17 16 12 
   7   0   3   4   3   3 16 15 7 
   3   4   6   4   0   8 31 30 29 22 21 20 19 18 
   6   1   3   0   6   6 31 29 24 21 20 19 
   7   7   5   0   4   4 31 30 20 16 
   7   3   0   5   4   4 30 22 18 16 
   2   5   0   5   3   5 31 30 25 21 20 
   3   4   0   4   8   4 25 21 20 18 
   2   3   0   3   7   4 31 30 22 18 
   2   0   6  10   5   3 22 19 18 
   9   5   2   3   0   4 25 24 22 20 
  10   5   5   0   4   4 29 24 23 21 
   4   5   0   4   4   3 29 21 20 
   3   5   5   0   2   2 24 23 
   3   6   4   0   5   3 28 27 25 
   9   0   5   5   4   2 26 23 
  10   6   0   3   5   3 28 27 26 
   8   3   4   0   4   3 28 27 26 
   3   6   5   0   3   2 28 27 
   8   5   7   5   0   1 26 
   3   5   1   5   0   1 26 
   6   0   2   2   2   1 32
   2   3   4   0   5   1 32
  10   3   4   0   3   1 32
   7   0   4   4   6   1 32
   3   2   0   4   3   1 32
   5   3   3   4   0   1 32
   0   0   0   0   0   0 
