
  32    4
  10   10   10   10

   0   0   0   0   0   9 2 3 4 6 8 9 10 12 14 
   6   0   1   1   1   4 18 17 16 5 
   4   0   5   7   6   5 23 16 15 13 7 
   3   1   4   0   3   9 31 30 29 24 23 20 19 15 13 
   1   4   2   6   0   6 31 30 24 23 20 11 
   7   2   0   4   5   6 29 23 20 19 17 13 
   1   4   5   0   4   7 30 29 28 24 21 20 19 
   4   0   5   7   6   5 31 29 22 20 15 
   7   6   4   0   4   6 31 30 29 28 20 19 
   6   3   0   6   2   4 31 29 23 15 
   6   9  10   5   0   3 22 19 15 
   9   5   2   0   6   2 21 17 
   9   6   0   4   4   4 28 25 22 21 
   6   5   7   3   0   1 15 
  10   3   5   0   5   4 28 26 25 21 
   1   8   2   3   0   4 29 27 25 22 
   3   6   3   0   3   4 30 28 26 25 
  10   8   3   0   8   1 19 
   2   0   5   5   4   3 27 26 25 
   1   8   0   5   6   2 26 25 
   3   3   4   3   0   1 27 
   6   3   2   0   3   1 26 
   8   2   4   0   3   1 25 
   7   1   4   4   0   1 27 
   1   2   4   0   3   1 32
   1   1   0   2   3   1 32
  10   1   2   0   5   1 32
   5   5   4   0   3   1 32
   7   3   5   0   3   1 32
   5   3   0   1   4   1 32
  10   2   0   2   2   1 32
   0   0   0   0   0   0 
