
  32    4
  10   10   10   10

   0   0   0   0   0  23 2 3 4 6 7 14 15 16 17 18 19 20 21 22 23 24 25 26 27 28 29 30 31 
   9   0   2   1   1   2 13 12 
   8   0   3   7   4   2 11 8 
   5   1   2   0   9   1 5 
  10   8   0   2   4   1 9 
   3   3   0   6   6   1 10 
   5   9   3   0   7   1 8 
   9   5   4   0   3   1 32
   4   5   3   0   3   1 32
   2   2   6   7   0   1 32
   7   4   4   0   6   1 32
   4   0   3   5   3   1 32
   7   4   7   0   4   1 32
   9   3   4   3   0   1 32
   2   0   1   7   4   1 32
   5   7   7   0   5   1 32
   3   2   5   3   0   1 32
   6   2   5   0   1   1 32
   5   2   4   0   2   1 32
  10   4   2   0   3   1 32
   3   4   2   3   0   1 32
   8   0   3   2   5   1 32
   5   0   7   4   3   1 32
   4   4   0   2   5   1 32
   8   5   2   0   3   1 32
   2   5   2   1   0   1 32
   4   1  10   0   3   1 32
   3   0   4   5   3   1 32
   1   0   4   6   4   1 32
   3   0   4   4   5   1 32
   4   4   5   0   4   1 32
   0   0   0   0   0   0 
