
  32    4
  10   10   10   10

   0   0   0   0   0   9 2 3 5 6 7 9 10 12 14 
   8   0   1   1   1   5 30 19 17 16 4 
   8   1   6   7   0   8 31 30 29 23 20 18 15 13 
   5   3   0   2   5   6 31 29 24 23 20 11 
   2   4   4   0   4   3 16 15 8 
   9   0   7   2   5   5 30 24 20 19 13 
   6   4   0   9   2   5 31 30 22 20 15 
   3   2   0   3   3   6 30 29 23 21 20 18 
   8   4   0   4   1   6 31 30 29 28 20 18 
   4   4   3   6   0   4 31 30 24 15 
   5   7   2   0   5   3 22 18 15 
   4   3   0   4   6   3 28 21 19 
   3   0   3   5   4   4 28 26 22 21 
   5   0   4   7   3   2 26 15 
   1   6   4   3   0   3 28 25 21 
   9   2   0   3   2   3 27 26 22 
   8   0   6   7   4   1 18 
   8   4   0   4   6   3 27 26 25 
   5   0   5   4   4   3 29 26 25 
   9   5   0   2   5   2 26 25 
   8   0   4   3  10   1 27 
   7   5   4   0   3   1 25 
   9   6   4   4   0   1 27 
   4   5   0   2   6   1 26 
   9   6   1   0   3   1 32
   8   3   0   1   3   1 32
   4   3   4   0   3   1 32
   7   4   2   0   4   1 32
   8   3   6   3   0   1 32
   5   0   5   5   5   1 32
   8   0   5   5   3   1 32
   0   0   0   0   0   0 
