
  32    4
  10   10   10   10

   0   0   0   0   0   3 2 3 5 
   9   1   0   1   1   2 10 4 
   6   0   1   4   1   4 10 9 7 6 
   6   2   4   6   0   3 9 7 6 
   1   7   0   4   4   2 9 6 
   8   0   5   3   3   1 8 
   4   0   4   5   3   1 8 
   3   0   7   3   5   2 13 11 
   8   0   3   5   2   2 13 11 
   5   3   6   5   0   2 13 11 
   8   6   6   0   4   3 16 14 12 
   3   2   3   0   5   4 25 22 20 15 
   4   0   4   3   7   1 14 
  10   5   3   0   3   2 19 18 
   8   5   7   8   0   1 17 
   7   3   4   0   5   4 31 24 22 21 
   9   4   6   0   3   1 18 
  10   4   0   4   4   4 31 29 24 21 
   5   4   0   7   3   4 31 30 24 22 
   5   4   3   0   8   4 31 29 24 21 
   6   6   0   5   8   3 30 28 23 
   5   3   0   1   5   3 29 28 23 
   6   3   4   3   0   2 27 26 
   6   5   0   3   3   2 27 26 
   7   6   3   6   0   1 26 
   4   4   3   4   0   1 32
   4   0   5   2   4   1 32
   4   4   3   0   4   1 32
   9   3   3   3   0   1 32
   4   0   3   3   4   1 32
   8   0   2   4   3   1 32
   0   0   0   0   0   0 
