
  32    4
  10   10   10   10

   0   0   0   0   0   7 2 3 4 6 10 14 15 
   4   1   1   0   1   4 13 11 9 5 
   6   2   4   0   4   6 19 17 13 12 11 9 
  10   4   6   0   2   4 13 12 11 8 
   9   2   2   0   3   5 31 19 17 16 12 
   5   2   7   0   4   2 16 7 
  10   0   4   1   5   5 31 22 19 18 11 
  10   0   3   5   4   6 31 29 24 22 20 19 
   4   0   4   3   4   3 31 20 16 
  10   0   1   8   6   3 21 18 16 
   3   2   0   4   6   6 30 29 25 24 21 20 
   1   3   2   3   0   5 25 22 21 20 18 
   9   4   0   7   2   5 31 30 25 22 20 
   8   5   0   2   5   4 31 30 21 18 
   6   0   4   7   7   3 21 19 18 
   2   0   2   2   2   5 30 29 24 23 22 
   5   5   6   3   0   3 29 22 20 
   7   7   6   0   3   2 24 23 
   6   4   0   2  10   3 28 27 25 
   7   5   0   4   3   2 26 23 
   4   5   0   3   1   2 26 23 
  10   4   6   0   2   3 28 27 26 
   5   3   3   7   0   2 28 27 
   7   3   4   5   0   1 26 
   8   4   2   0   7   1 26 
   9   4   8   0   3   1 32
   2   5   6   2   0   1 32
   9   4   5   5   0   1 32
   1  10   5   3   0   1 32
  10   0   3   4   7   1 32
   3   0   2   4   1   1 32
   0   0   0   0   0   0 
