
  32    4
  10   10   10   10

   0   0   0   0   0   2 2 3 
  10   0   1   1   1   2 5 4 
   1   1   0   3   4   2 6 5 
   5   0   7   5   5   2 17 6 
   7   1   4   7   0   2 17 7 
   5   6   3   5   0   1 7 
   8   0   5   2   2   2 9 8 
  10   3   5   0   3   2 12 10 
   4   4   9   6   0   1 10 
   9   6   4   0   2   2 14 11 
   3   0   4   3   4   3 20 16 13 
   9   3   0   1   3   2 20 13 
   1   2   8   0   6   2 18 15 
   5   0   3   5   5   2 20 16 
   7   3   4   0   3   2 21 19 
   9   0   3   2   1   2 31 18 
   6   5   4   5   0   1 18 
   7   0   3   5   8   2 22 21 
   6   4   0   6   2   2 31 22 
   4   7   2   0   6   1 21 
   6   0   4   6   7   1 23 
   7   3   1   0   3   1 23 
   1   5   0   2   5   1 24 
   3   3   1   6   0   1 25 
   1   0   3   4   2   1 26 
   3   7   0   5   6   1 27 
   7   0   6   4   4   2 30 28 
   5   4   5   2   0   1 29 
   3   6   0   4   7   1 32
   7   0   3   4   4   1 32
   8   3   0   3   3   1 32
   0   0   0   0   0   0 
