
  32    4
  10   10   10   10

   0   0   0   0   0   3 2 4 6 
   6   0   1   1   1   2 9 3 
   8   1   3   0   2   3 10 8 5 
   5   0   3   5   1   2 8 5 
   1   0   5   3   5   2 31 7 
   4   4   3   5   0   2 31 7 
   4   6   5   0   2   3 19 14 11 
   1   3   0   5   7   3 31 14 11 
   6   3   3   0   7   5 23 20 19 16 12 
  10   4   2   0   4   5 31 20 19 17 12 
   4   2   3   0   4   4 23 20 16 12 
   5   7   0   6   3   1 13 
   4   2   1   0   7   3 30 27 15 
   8   7   0   4   3   4 23 22 21 17 
  10   0   3   4   3   2 29 18 
   7   3   4   0   6   1 17 
  10   1   4   0   2   5 29 28 27 26 24 
   7   0   4   5   3   3 28 22 21 
   5   5   3   0   4   3 30 27 21 
   7   2   0   4   4   1 21 
   7   3   3   0   3   2 26 24 
   1   4   4   0   6   2 26 25 
   4   2   0   4   2   2 27 25 
   7   9   8   3   0   1 25 
   2   3   2   0   8   1 32
   4   5   5   2   0   1 32
   6   7   6   5   0   1 32
   7   0   8   6   5   1 32
  10   0   3   3   6   1 32
   2   5   6   3   0   1 32
   1   0   8   4   2   1 32
   0   0   0   0   0   0 
