
  32    4
  10   10   10   10

   0   0   0   0   0   2 2 6 
   8   1   1   1   0   1 3 
   7   4   4   3   0   1 4 
   4   3   3   5   0   1 5 
   1   0   2   3   1   1 7 
   7   4   7   0   4   1 7 
   4   4   2   0   6   1 8 
   1   2   6   2   0   1 9 
   2   7   4   0   4   1 10 
   6   0   1   6   6   1 11 
   8   2   0   4   7   1 12 
   9   5   0   6   5   1 13 
   9   2   4   5   0   1 14 
   8   4   3   0   2   1 15 
  10   6   7   7   0   1 16 
  10   4   4   0   2   1 17 
   5   3   0   2   2   2 21 18 
   2   3   0   3   5   1 19 
   1   7   7   0   1   1 20 
   1   0   3   4   4   2 26 22 
   3   7   4   4   0   2 26 23 
   7   6   0   4   2   1 23 
   6   5   0   6   6   3 28 25 24 
   7   6   0   4   6   1 27 
   5   8   0   4   5   1 27 
  10   2   4   4   0   1 27 
   8   3   4   3   0   2 31 29 
   5   1   0   4   2   2 31 30 
   2   2   4   0   4   1 30 
   3   3   4   3   0   1 32
   6   0   6   5   6   1 32
   0   0   0   0   0   0 
