
  32    4
  10   10   10   10

   0   0   0   0   0   9 2 3 5 6 8 9 10 12 14 
   9   1   1   0   1   4 19 17 15 4 
   4   2   5   0   2   8 31 30 29 23 20 18 16 13 
   9   0   3   1   4   6 31 30 24 23 20 11 
   1   2   6   2   0   3 16 15 7 
   1   1   0   2   2   6 29 24 20 19 18 13 
   5   3   4   0   8   7 30 29 28 23 21 20 18 
   9   6   0   5   3   5 31 29 22 20 16 
   2   0   2   6   2   6 31 30 29 28 20 18 
   6   3   0   6   7   4 31 29 24 16 
   5   4   9   3   0   3 22 18 16 
  10  10   2   6   0   3 28 21 19 
   8   3   5   3   0   4 28 26 22 21 
   5   4   8   6   0   2 26 16 
   2   5   1   0   6   4 29 27 26 22 
   6   4   3   0   6   3 28 25 21 
   2   0   6   4   5   1 18 
   1   3   4   0   1   3 27 26 25 
  10   4   3   0   4   3 30 26 25 
   3   2   0   4   5   2 26 25 
   3   6   0   2   3   1 27 
   5   5   4   5   0   1 25 
   1   0   5   5   4   1 27 
   7   8   4   0   7   1 26 
   5   3   3   0   6   1 32
   9   3   4   4   0   1 32
   6   6   3   3   0   1 32
   4   0   3   6   4   1 32
   7   4   4   0   4   1 32
   9   4   0   3   1   1 32
   1   0   4   4   3   1 32
   0   0   0   0   0   0 
