
  32    4
  10   10   10   10

   0   0   0   0   0  12 2 4 5 6 7 8 10 11 12 15 16 18 
  10   1   1   1   0   5 30 28 20 14 3 
   4   4   6   0   1   6 31 29 27 22 17 9 
   2   6   6   0   7   5 27 22 20 17 13 
   7   4   4   4   0   7 30 29 27 26 25 20 19 
   4   5   0   5   3   5 28 25 21 20 13 
   2   6   2   0   5   6 27 26 25 24 21 20 
  10   7   5   2   0   4 28 22 20 17 
  10   5   5   0   2   3 25 21 13 
   2   0   2   7   4   2 29 13 
   5   1   3   3   0   4 30 27 23 19 
   5   4   3   0   6   4 26 25 23 19 
   3   3   2   4   0   3 26 23 19 
   2   4   0   3   6   3 25 24 21 
   6   2   1   0   3   3 31 28 20 
   2   0   1   7   6   3 26 25 21 
  10   3   5   7   0   3 25 24 23 
   6   3   6   0   3   2 25 24 
   6   5   4   0   4   1 24 
   6   6   0   5   7   1 23 
   7   4   5   0   1   1 23 
  10   0   2   4   3   1 24 
   5   7   6   0   2   1 32
   1   4   5   0   4   1 32
   3   3   0   4   6   1 32
   1   0   5   3   4   1 32
   7   4   6   0   2   1 32
   2   2   6   3   0   1 32
  10   3   3   0   4   1 32
   9   4   4   0   4   1 32
   6   0   6   2   5   1 32
   0   0   0   0   0   0 
