
  32    4
  10   10   10   10

   0   0   0   0   0   3 2 4 5 
   1   1   0   1   1   2 10 3 
   4   0   1   6   5   3 9 7 6 
   4   5   5   0   5   3 9 7 6 
   3   4   0   3   4   2 9 6 
   2   1   6   0   5   1 8 
   4   0   4   3   3   1 8 
   3   7   0   5   2   3 31 13 11 
   6   4   3   3   0   3 31 13 11 
   3   6   0   4   3   1 11 
   5   7   3   5   0   3 17 16 12 
   2   0   3   2   5   2 20 14 
   4   1   0   5   6   2 18 16 
   2   3   0   2   3   1 15 
   8   0   2   4   4   2 29 18 
   1   0   5   8   4   2 22 19 
   4   2   0   5   3   5 30 29 28 23 22 
   7   2   7   0   3   4 30 28 23 22 
   6   5   5   0   5   3 30 29 21 
   6   3   1   0   4   3 29 28 22 
   1   6   4   4   0   4 28 27 26 24 
   3   3   5   0   3   3 27 26 24 
   1   0   6   2   1   2 26 25 
   8   0   4   5   6   1 25 
   1   2   0   6   5   1 32
   9   0   8   2   6   1 32
   2   0   3   5   4   1 32
   5   8   4   0   5   1 32
   8   4   0   2   5   1 32
   9   3   2   6   0   1 32
   8   7   3   4   0   1 32
   0   0   0   0   0   0 
