
  32    4
  10   10   10   10

   0   0   0   0   0   1 2 
  10   1   1   1   0   2 6 3 
  10   6   2   4   0   1 4 
   8   3   5   0   1   2 10 5 
  10   3   6   0   5   2 11 7 
  10   7   0   2   4   2 10 7 
   6   7   0   4   5   1 8 
  10   0   2   3   7   2 19 9 
  10   0   6   5   1   2 15 12 
   5   4   5   0   6   2 15 13 
   1   2   0   4   5   2 19 13 
   2   0   2   3   3   1 13 
   1   6   5   4   0   1 14 
   2   5   3   4   0   2 21 16 
   8   0   4   4   3   2 21 17 
   5   4   2   5   0   1 17 
   7   4   4   6   0   1 18 
   5   4   3   8   0   2 24 20 
   4   6   3   3   0   2 24 20 
   3   3   4   0   3   1 22 
   5   3   6   0   5   1 22 
   9   3   0   2   3   1 23 
   1   0   5   3   7   2 26 25 
  10   5   3   6   0   2 27 26 
   9   0   3   2   4   1 27 
   3   4   0   6   2   2 30 29 
   8   2   5   2   0   1 28 
   6   4   4   9   0   1 29 
   3   5   7   0   2   1 31 
   4   2   6   4   0   1 31 
   4   3   0   2   6   1 32
   0   0   0   0   0   0 
