
  32    4
  10   10   10   10

   0   0   0   0   0  13 2 4 6 7 9 10 11 16 17 18 19 20 31 
  10   3   0   2   1   7 30 29 28 26 25 14 3 
   5   4   0   3   6   4 27 23 15 5 
   1   5   1   0   4   6 26 25 24 23 15 12 
   2   5   0   3   6   3 24 13 8 
   7   4   4   5   0   3 26 23 14 
   7   4   4   8   0   3 29 25 21 
   7   4   0   2   4   2 22 12 
   8   5   3   4   0   2 28 14 
   3   4   0   3   8   2 27 12 
  10   2   0   4   3   1 13 
   6   4   0   2   4   1 21 
   6   4   4   4   0   1 22 
   7   3   4   1   0   1 22 
   3   2   3   0   3   1 21 
  10   5   4   0   3   1 24 
  10   0   4   4   2   1 24 
   4  10   0   5   3   1 23 
   5   2   0   4   1   1 23 
   8   0   4   4   3   1 23 
   5   4   3   6   0   1 32
   2   5   6   0   5   1 32
   8   4   6   0   6   1 32
   7   1   5   3   0   1 32
   1   0   2  10   4   1 32
   6   4   4   1   0   1 32
   7   8   4   3   0   1 32
  10   0   6   4   3   1 32
   6   3   3   3   0   1 32
   3   1   0   4   6   1 32
   8   0   6   8   5   1 32
   0   0   0   0   0   0 
