
  32    4
  10   10   10   10

   0   0   0   0   0  24 2 3 5 6 12 13 14 15 16 17 18 19 20 21 22 23 24 25 26 27 28 29 30 31 
   4   1   1   1   0   3 11 10 7 
   1   2   0   4   1   1 4 
   1   0   3   4   4   1 8 
   7   7   6   6   0   1 9 
   9   0   1   4   6   1 7 
   2   2   4   3   0   1 32
   1   0   3   5   3   1 32
   7   5   3   6   0   1 32
   9   6   0   5   3   1 32
   7   0   5   3   5   1 32
   1   0   3   7   1   1 32
   4   5   5   0   5   1 32
   8   1   0   7   6   1 32
   6   4   4   0   3   1 32
   3   4   4   4   0   1 32
   9   4   0   3   3   1 32
   6   0   3   3   3   1 32
   9   7   6   4   0   1 32
   7   3   7   0   2   1 32
   7   7   5   0   4   1 32
   4   4   4   3   0   1 32
   9   6   5   0   5   1 32
   2   3   5   0   3   1 32
   8   6   2   4   0   1 32
  10   3   5   0   8   1 32
   7   3   4   0   5   1 32
   1   3   4   2   0   1 32
   5   5   4   3   0   1 32
   1   3   0   4   6   1 32
   1   2   4   3   0   1 32
   0   0   0   0   0   0 
