
  32    4
  10   10   10   10

   0   0   0   0   0   5 2 4 10 11 13 
   7   0   1   1   1   2 21 3 
   6   0   3   6   2   3 17 14 5 
  10   1   3   3   0   4 21 17 14 6 
   1  10   0   2   6   3 31 9 7 
   7   5   1   0   4   4 31 30 12 9 
   2   2   0   7   5   3 20 19 8 
   6   3   8   0   4   3 30 27 12 
  10   4   4   3   0   6 28 27 26 20 19 15 
   7   0   3   4   4   2 27 12 
   9   3   3   6   0   4 27 23 17 14 
  10   3   4   9   0   5 28 25 24 23 16 
   1   3   0   4   2   3 23 21 15 
  10   5   0   5   5   2 29 15 
   8   9   3   4   0   3 25 24 22 
   2   4   4   0   4   2 22 18 
   8   4   3   0   4   2 29 22 
   2   2   5   2   0   1 26 
   2   2   0   2   6   1 23 
   7   5   7   0   4   1 23 
   5   0   5   5   4   1 29 
   6   2   0   3   4   1 32
   4   4   7   0   5   1 32
  10   0   6   3   4   1 32
   2   5   5   0   4   1 32
  10   4   4   0   3   1 32
   1   7   2   4   0   1 32
   9   3   0   5   4   1 32
   4   1   4   3   0   1 32
   1   0   3   4   7   1 32
   5   5   0   3   2   1 32
   0   0   0   0   0   0 
