
  32    4
  10   10   10   10

   0   0   0   0   0   1 2 
   8   0   1   1   1   2 7 3 
   6   1   3   0   4   2 11 4 
   2   0   7   3   2   2 16 5 
   5   6   0   6   5   1 6 
   5   6   1   5   0   2 22 8 
   5   6   0   5   3   1 8 
   4   5   0   2   8   1 9 
  10   4   2   0   3   2 15 10 
   7   2   0   6   6   1 12 
  10   3   0   3   3   3 22 21 14 
   8   6   7   0   3   2 21 13 
   1   3   4   5   0   1 14 
   5   0   4   5   6   2 27 17 
   2   3   3   0   2   2 27 18 
   3   3   3   0   3   2 27 19 
   8   4   7   3   0   1 18 
   3   6   0   4   4   1 19 
   4   4   0   6   6   2 31 20 
   3   0   6   5   5   2 29 23 
  10   0   4   3   3   2 29 24 
   7   0   4   1   3   2 29 25 
   3   0   6   2   3   1 24 
   7   5   5   4   0   1 25 
   7   1   2   4   0   1 26 
   5   4   4   1   0   1 28 
   2   0   3   5   4   1 28 
   6   0   4   4   4   1 30 
   2   0   5   3   8   1 30 
   3   4   3   7   0   1 32
   1   4   0   7   3   1 32
   0   0   0   0   0   0 
