
  32    4
  10   10   10   10

   0   0   0   0   0   3 2 5 6 
   2   1   0   1   1   3 13 12 3 
  10   6   0   5   5   2 21 4 
   3   3   0   3   4   4 31 30 15 7 
   2   3   0   2   3   3 30 15 7 
   1   3   1   4   0   3 30 15 7 
   5   4   0   7   8   3 29 18 8 
   1   2   0   3   4   3 20 17 9 
   8   0   4   5   2   2 27 10 
   3   5   3   6   0   3 28 24 11 
  10   4   0   4   8   3 26 25 14 
   8   3   4   2   0   2 31 17 
   1   6   0   4   3   1 14 
   4   4   6   9   0   1 16 
   7   0   8   5   4   3 29 24 22 
   1   6   4   0   4   2 22 19 
   8   1   0   3   3   2 22 19 
   4   0   4   4   3   2 24 22 
   7   8   0   2   5   1 23 
   8   0   6   5   4   1 24 
   3   6   2   4   0   1 27 
   2   4   4   0   6   1 32
  10   2   6   3   0   1 32
   7   0   5   4   7   1 32
   9   3   2   3   0   1 32
   6   6   0   5   2   1 32
   2   6   0   5   3   1 32
   9   2   2   0   3   1 32
   2   5   6   0   2   1 32
  10   4   2   3   0   1 32
   3   3   3   3   0   1 32
   0   0   0   0   0   0 
