
  32    4
  10   10   10   10

   0   0   0   0   0   6 2 27 28 29 30 31 
   9   1   1   0   1   1 3 
   9   2   3   0   3   1 4 
   1   6   2   1   0   2 26 5 
   1   0   4   2   3   1 6 
  10   2   1   0   3   1 7 
   2   3   5   4   0   1 8 
   7   6   4   3   0   1 9 
   5   4   6   4   0   1 10 
   7   4   3   4   0   1 11 
   5   4   2   0   5   1 12 
   4   3   2   0   4   1 13 
   8   0   6   4   1   1 14 
   5   0   5   2   5   1 15 
   5   0   4   6   6   1 16 
   9   4   4   2   0   1 17 
   8   0   8   7   8   1 18 
   2   0   6   3   3   1 19 
   2   6   0   6   6   1 20 
   6   6   7   0   5   1 21 
   8   0   5   5   3   1 22 
   5   1   5   5   0   1 23 
   7   5   4   0   5   1 24 
   1   0   4   8   3   1 25 
   6   7   2   0   2   1 32
  10   4   5   1   0   1 32
   3   0   3   6   3   1 32
   6   0   2   3   5   1 32
   4   4   7   3   0   1 32
   1   4   0   5   4   1 32
   4   0   2   4   6   1 32
   0   0   0   0   0   0 
