
  32    4
  10   10   10   10

   0   0   0   0   0  11 2 4 5 6 7 9 10 11 12 13 17 
   8   1   1   1   0   5 29 23 19 16 3 
   8   4   4   6   0   5 31 30 28 22 8 
  10   0   4   6   1   7 29 28 22 21 19 18 15 
   6   3   0   3   6   6 28 22 19 18 15 14 
   1   6   0   3   4   6 30 27 23 21 20 19 
   5   4   0   5   4   4 29 21 19 15 
   3   0   2   4   4   3 21 18 15 
   8   2   4   5   0   4 29 22 19 18 
   2   0   4   3   2   4 31 29 24 19 
   6   4   7   0   4   4 27 25 23 20 
   2  10   0   5   8   2 30 15 
   6   9   1   4   0   2 26 15 
   2   4   0   3   8   4 27 26 24 21 
  10   4   4   4   0   3 27 25 20 
   9   6   0   5   5   3 26 24 21 
   4   1   5   0   2   1 18 
   3   0   5   3   5   3 26 25 24 
   5   5   0   4   4   2 26 25 
   5   5   0   1   4   1 24 
   8   4   0   4   3   1 25 
   2   0   2   2   4   1 24 
   9   1   1   5   0   1 28 
  10   0   4   4   1   1 32
   2   4   6   4   0   1 32
   2   2   0   2   4   1 32
  10   6   5   4   0   1 32
   7   2   4   5   0   1 32
   7   4   5   0   3   1 32
   2   1   0   8   4   1 32
   1   0   8   5   4   1 32
   0   0   0   0   0   0 
