
  32    4
  10   10   10   10

   0   0   0   0   0   3 2 21 31 
   6   1   0   1   1   2 30 3 
   6   4   1   0   6   1 4 
   1   3   2   0   3   1 5 
   2   3   5   3   0   1 6 
   1   5   0   9   8   1 7 
   7   5   4   0   4   2 29 8 
   7   6   5   5   0   1 9 
   8   0   2   3   5   2 28 10 
   9   3   0   5   5   1 11 
   3   8   2   0   7   1 12 
   1   6   2   3   0   1 13 
   7   5   7   0   2   1 14 
   7   0   4   5   2   1 15 
   9   2   5   0   5   1 16 
   9   2   0   3   8   1 17 
   7   4   0   2   4   2 27 18 
   5   3   0   4   1   1 19 
   1   3   1   0   3   1 20 
   6   7   8   3   0   1 22 
   2   2   0   5   5   1 22 
   7   0   6   7   4   1 23 
   4   4   3   0   5   1 24 
   2   6   5   0   5   1 25 
   7   4   0   1   5   1 26 
   6   0   4   8   1   1 32
   1   0   4   3   1   1 32
   3   2   6   5   0   1 32
   8   5   0   3   3   1 32
   1   3   4   3   0   1 32
   7   0   4   3   3   1 32
   0   0   0   0   0   0 
