
  32    4
  10   10   10   10

   0   0   0   0   0   3 2 3 31 
   6   1   1   1   0   2 30 4 
   1   3   4   0   1   3 30 16 5 
   3   3   4   8   0   2 16 5 
   7   0   4   2   5   1 6 
   6   5   3   0   4   3 28 27 7 
   5   3   0   6   2   1 8 
   1   4   6   0   3   3 26 25 9 
   9   2   2   4   0   2 24 10 
   2   3   4   0   4   1 11 
   1   0   3   5   3   1 12 
   4   0   5   2   3   2 23 13 
   6   4   3   2   0   1 14 
   6   4   6   0   8   3 21 18 15 
   9   8   0   7   4   3 22 19 17 
   8   5   5   3   0   3 29 23 21 
   2   3   7   0   5   1 20 
   8   4   5   0   1   1 19 
   6   2   4   8   0   1 32
   9   5   0   4   2   1 32
   8   4   5   0   5   1 32
   6   7   4   0   5   1 32
   8   0   1   3   4   1 32
   8   2   4   2   0   1 32
   2   5   2   0   8   1 32
   5   6   4   4   0   1 32
   9   5   0   4   4   1 32
   6   3   3   0   3   1 32
   7   3   0   5   3   1 32
  10   4   4   0   7   1 32
   1   6   7   2   0   1 32
   0   0   0   0   0   0 
