
  32    4
  10   10   10   10

   0   0   0   0   0   3 2 3 11 
  10   1   1   1   0   2 15 4 
   8   4   3   0   1   2 15 4 
   4   5   4   0   4   2 8 5 
   2   6   0   3   5   2 10 6 
   4   0   4   4   4   2 20 7 
   1   3   4   0   5   2 17 9 
   1   1   3   0   5   1 10 
  10   3   4   5   0   1 12 
   4   6   6   0   3   1 12 
   2   3   0   3   4   4 26 20 19 14 
  10   0   3   3   9   3 26 19 13 
   5   7   0   4   3   1 14 
   5   0   6   4   4   2 23 16 
   9   5   4   6   0   2 20 16 
  10   0   6   5   3   1 18 
   6   0   2   5   4   1 18 
   2   1   4   0   5   2 31 21 
   5   2   3   0   5   2 31 21 
   9   5   7   0   6   1 21 
   5   4   0   4   4   2 25 22 
   4   3   4   4   0   4 30 29 28 24 
   4   5   0   7   3   1 24 
   8   5   4   0   3   1 27 
   9   6   4   3   0   1 28 
  10   0   4   4   2   1 31 
   5   6   2   5   0   1 32
   7   2   3   4   0   1 32
   7   2   0   2   4   1 32
   9   9   7   0   2   1 32
   6   2   0   4   4   1 32
   0   0   0   0   0   0 
