
  32    4
  10   10   10   10

   0   0   0   0   0   3 2 3 12 
   4   1   1   1   0   2 20 4 
   3   2   0   2   1   2 20 4 
   2   4   0   2   6   2 8 5 
   7   3   3   0   1   2 11 6 
   9   0   3   3   3   2 22 7 
   9   3   0   4   1   2 18 9 
  10   5   4   3   0   2 11 10 
   4   5   3   4   0   1 10 
   1   4   0   2   3   3 26 17 13 
   9   6   3   5   0   2 26 13 
   5   2   0   3   5   4 23 22 17 16 
   1   0   6   8   4   2 23 14 
   8   4   0   5   3   1 15 
   6   8   0   5   5   1 16 
   8   8   4   2   0   2 31 19 
  10   0   4   5   3   2 31 19 
  10   4   5   4   0   2 31 19 
   7   4   2   0   6   3 30 25 21 
   4   3   4   0   3   3 30 25 21 
   7   5   3   1   0   3 29 28 24 
   3   0   5   4   6   3 29 27 25 
   3   5   4   5   0   1 24 
   2   4   5   6   0   1 27 
   3   0   3   4   2   1 28 
   8   0   3   4   6   1 31 
   1   3   7   0   3   1 32
   5   3   4   0   6   1 32
   6   0   7   5   6   1 32
   2   0   3   8   7   1 32
   8   2   6   5   0   1 32
   0   0   0   0   0   0 
