
  32    4
  10   10   10   10

   0   0   0   0   0   3 2 4 5 
   4   1   1   0   1   2 10 3 
   1   0   6   1   3   3 9 7 6 
   3   1   0   6   6   3 9 7 6 
   5   6   9   5   0   2 9 6 
  10   5   3   6   0   1 8 
   2   6   0   1   4   1 8 
   2   0   4   5   1   3 31 13 11 
   3   0   2   5   4   5 31 17 16 13 12 
   1   3   8   0   2   1 11 
   6   2   0   5   2   3 17 16 12 
   3   6   2   0   4   2 20 14 
   3   0   2   2   3   3 21 19 18 
   3   5   3   0   8   1 15 
   4   0   4   7   3   3 30 28 19 
   7   0   5   2   7   5 30 29 28 23 22 
   4   4   1   3   0   2 21 18 
   3   2   0   2   5   6 30 29 28 27 26 24 
   7   7   4   0   3   3 29 23 22 
   3   3   2   0   7   2 28 22 
   2   6   0   4   1   4 28 27 26 24 
   4   2   4   0   4   3 27 26 24 
   8   2   5   0   6   2 26 25 
   1   5   3   0   4   1 25 
   4   2   5   7   0   1 32
   2   5   5   0   3   1 32
   9   9   4   0   6   1 32
   5   6   5   0   4   1 32
  10   3   5   0   3   1 32
  10   2   0   3   6   1 32
   1   3   0   4   4   1 32
   0   0   0   0   0   0 
