
  32    4
  10   10   10   10

   0   0   0   0   0   6 2 4 7 10 14 31 
   4   1   0   1   1   1 3 
   6   8   0   4   2   4 18 12 11 5 
   8   5   1   3   0   6 30 29 18 12 11 9 
   6   0   1   3   4   5 30 27 17 16 6 
   3   5   7   4   0   2 28 8 
   7   4   2   0   5   3 30 27 9 
   1   7   3   0   6   2 29 9 
   5   3   2   0   3   5 26 24 22 20 13 
   6   2   6   0   4   2 24 11 
   3   3   4   0   3   3 25 21 16 
   6   5   0   5   1   3 28 27 17 
  10   0   7   2   2   2 21 15 
   5   1   0   4   4   1 19 
   3   0   3   7   7   1 23 
   9   6   0   4   5   1 20 
   2   0   4   5   2   1 22 
   6   4   6   0   2   1 25 
  10   0   6   6   8   1 25 
   4   8   4   3   0   1 32
  10   2   0   3   3   1 32
   6   1   6   0   7   1 32
   1   0   7  10   4   1 32
   2   0   2   2   4   1 32
   1   0   6   1   5   1 32
   1   6   4   3   0   1 32
   6   3   4   0   5   1 32
   5   2   2   0   5   1 32
   9   5   3   4   0   1 32
   5   3   0   6   4   1 32
   6   4   2   0   4   1 32
   0   0   0   0   0   0 
