
  32    4
  10   10   10   10

   0   0   0   0   0   3 2 10 11 
  10   1   1   0   1   1 3 
   3   5   0   1   5   2 22 4 
   6   2   0   8   3   1 5 
   1   4   6   0   7   3 31 9 6 
   6   2   5   0   7   1 7 
  10   3   0   4   2   3 24 14 8 
   9   3   3   6   0   2 16 12 
   8   3   0   3   7   1 12 
   2   0   5   4   4   1 12 
   4   4   8   6   0   4 30 19 16 15 
  10   4   3   3   0   3 19 17 13 
  10   2   4   4   0   2 30 15 
   2   5   7   0   2   2 19 16 
   9   0   2   4   5   1 18 
   9   0   2   4   5   1 17 
   2   0   6   2   4   1 20 
   1   5   3   0   6   1 20 
   5   2   3   2   0   1 20 
   3   6   3   0   5   1 21 
  10   6   3   0   3   1 23 
   9   5   0   3   5   1 23 
   4   4   0   5   3   1 25 
   2   4   5   2   0   1 25 
   3   5   0   3   3   1 26 
   4   6   0   4   4   2 29 27 
   9   8   0   4   4   1 28 
   8   0   3   5   2   1 32
   3   4   7   6   0   1 32
   5   3   4   0   3   1 32
   6   0   1   5   2   1 32
   0   0   0   0   0   0 
