
  32    4
  10   10   10   10

   0   0   0   0   0   7 2 3 4 5 10 11 14 
   1   1   1   0   1   4 16 12 9 6 
  10   0   8   6   7   8 31 30 23 21 18 17 16 15 
   9   0   3   3   2   5 23 18 15 12 8 
   3   5   0   6   3   3 17 15 7 
   9   6   4   0   1   7 31 30 23 21 20 17 13 
   9   3   0   3   3   8 31 30 29 24 23 21 20 18 
   5   4   0   2   5   7 30 29 28 24 21 20 19 
   8   2   6   0   6   5 31 30 20 19 17 
   8   1   5   0   6   4 31 30 23 18 
   9   8   0   5   2   4 23 22 20 17 
   8   4   0   5   3   4 31 30 24 19 
   3   2   0   5   2   3 24 19 18 
   7   4   4   0   5   3 24 23 18 
   9   9   0   6   3   3 28 24 19 
  10   4   4   0   6   3 29 20 19 
   2   4   0   5   2   5 29 28 27 26 25 
   7   3   0   3   3   3 28 25 22 
   3   2   0   3   1   2 25 22 
   3   7   0   1   7   3 27 26 25 
   5   3   2   0   4   3 27 26 25 
   8   3   6   0   7   2 27 26 
   9   0   2   4   2   2 26 25 
   9   1   3   1   0   1 25 
   8   0   2   3   5   1 32
   6   0   2  10   7   1 32
   7   6   6   4   0   1 32
   6   4   6   0   5   1 32
   6   5   3   6   0   1 32
   9   0   5   1   6   1 32
   2   5   0   2   4   1 32
   0   0   0   0   0   0 
