
  32    4
  10   10   10   10

   0   0   0   0   0   3 2 5 6 
   7   1   0   1   1   3 13 12 3 
   6   7   1   2   0   2 15 4 
  10   6   2   0   2   4 31 30 18 7 
   2   0   3   2   2   3 30 18 7 
   7   0   5   4   4   3 30 18 7 
   2   6   3   3   0   3 21 19 8 
   5   1   4   6   0   3 22 17 9 
   9   2   5   3   0   2 26 10 
   5   3   0   3   4   3 29 25 11 
   6   7   0   4   8   3 28 27 14 
   5   4   3   0   3   2 26 14 
  10   0   3   3   2   2 31 17 
  10   7   4   0   4   1 16 
  10   0   8   7   3   3 26 24 23 
   9   0   4   4   4   2 23 20 
  10   3   3   6   0   2 23 20 
   3   2   0  10   6   2 23 21 
   5   4   0   7   7   2 25 23 
   9   0   4   2   2   1 24 
   7   0   3   2   4   1 25 
   8   3   1   3   0   1 25 
   3   5   8   0   5   1 32
   7   0   3   3   4   1 32
   6   4   7   0   6   1 32
   8   4   0   5   4   1 32
   9   4   5   4   0   1 32
   9   4   5   0   4   1 32
   5   0   4   5   5   1 32
   1   4   5   4   0   1 32
  10   3   3   3   0   1 32
   0   0   0   0   0   0 
