
  32    4
  10   10   10   10

   0   0   0   0   0   3 2 13 23 
   1   1   0   1   1   1 3 
   7   0   1   3   6   2 21 4 
  10   0   4   4   4   1 5 
   7   5   3   0   5   3 31 11 6 
   6   3   0   2   2   1 7 
   5   5   2   0   7   3 30 12 8 
   2   4   0   2   2   2 14 9 
   5   4   4   0   6   3 19 17 10 
   5   0   2   3   3   2 29 15 
   7   4   0   4   5   2 17 16 
   4   5   4   0   3   1 14 
   8   2   5   4   0   1 14 
   3   4   3   0   7   2 19 18 
   6   0   5   4   6   1 16 
  10   4   0   3   4   1 18 
   5   0   5   8   4   1 18 
   3   0   2   5   4   1 20 
   5   0   5   4   2   1 20 
   5   0   7   4   1   1 22 
   8   6   0   6   2   1 22 
   6   4   5   3   0   1 24 
   7   0   5   4   5   1 24 
   4   5   0   4   4   1 25 
   2   0   4   3   3   2 28 26 
   9   6   0   7   4   1 27 
   4   5   0   3   3   1 32
   7   4   4   6   0   1 32
   4   3   4   3   0   1 32
   5   0   2   9   7   1 32
   2   2   8   1   0   1 32
   0   0   0   0   0   0 
