
  32    4
  10   10   10   10

   0   0   0   0   0   7 2 3 4 5 10 11 16 
   3   1   1   1   0   4 15 12 9 6 
  10   5   0   6   1   8 31 29 22 21 18 17 15 14 
   3   2   2   0   8   5 22 18 14 12 8 
   7   2   5   3   0   3 17 14 7 
   6   6   4   5   0   7 31 30 29 22 21 20 13 
   5   0   3   2   3   7 31 29 24 22 21 20 18 
   5   3   3   3   0   7 30 29 28 24 21 20 19 
   7   4   1   2   0   5 31 29 20 19 17 
   2   5   5   3   0   4 31 29 22 18 
   9   0   4   8   5   4 23 22 20 17 
   3   6   2   6   0   4 31 29 24 19 
   7   0   4   4   4   3 24 19 18 
   5   3   0   3   5   3 28 24 19 
   9   3   5   4   0   3 30 20 19 
   5   2   2   0   3   2 24 18 
   5   0   3   6   3   5 30 28 27 26 25 
   5   6   5   2   0   4 28 26 25 23 
   4   4   4   0   4   3 26 25 23 
   7   4   0   8   3   3 27 26 25 
  10   4   5   4   0   3 27 26 25 
   7   0   5   5   5   2 26 25 
   5   5   0   4   5   1 27 
   1   0   5   2   2   1 25 
   8   0   6   4   4   1 32
   8   5   0   2   5   1 32
   7   6   6   2   0   1 32
  10   0   4   3   4   1 32
   2   3   4   5   0   1 32
   6   2   6   7   0   1 32
   4   7   6   0   4   1 32
   0   0   0   0   0   0 
