
  32    4
  10   10   10   10

   0   0   0   0   0   3 2 3 31 
   4   1   1   1   0   2 30 4 
   7   2   4   3   0   3 30 16 5 
   8   4   0   5   1   2 16 5 
   3   3   3   1   0   1 6 
   7   5   5   0   3   3 29 28 7 
   4   6   5   0   2   1 8 
   9   3   6   4   0   2 27 9 
   9   0   5   3   4   3 26 25 10 
   2   6   7   0   4   1 11 
   7   5   4   0   6   1 12 
  10   1   3   0   3   2 24 13 
   9   2   3   5   0   1 14 
   2   6   4   5   0   3 21 18 15 
   1   4   0   2   9   3 23 22 17 
   5   3   6   0   6   3 24 20 19 
   3   5   3   3   0   1 20 
   7   3   0  10   2   1 22 
   5   0   2   3   2   1 21 
   6   2   0   6   5   1 32
   5   7   8   0   5   1 32
   4   7   0   1   3   1 32
   4   3   4   0   4   1 32
   8   4   4   4   0   1 32
   9   0   5   3   5   1 32
   6   0   5   5   4   1 32
   5   4   2   5   0   1 32
   7   4   1   8   0   1 32
  10   9   6   0   4   1 32
  10   3   1   2   0   1 32
   4   2   3   5   0   1 32
   0   0   0   0   0   0 
