
  32    4
  10   10   10   10

   0   0   0   0   0   1 2 
   7   1   0   1   1   2 7 3 
  10   5   2   2   0   2 11 4 
   2   0   4   3   3   2 17 5 
   8   6   0   6   5   1 6 
   6   1   0   9   5   2 22 8 
   7   0   3   3   3   1 8 
   1   0   6   4   3   1 9 
   4   8   0   5   7   2 15 10 
   9   5   3   6   0   1 12 
   8   6   6   2   0   3 22 21 14 
   7   0   3   4   1   2 21 13 
   8   3   1   0   6   1 14 
   7   3   3   0   2   2 27 16 
   7   2   7   0   3   2 27 18 
   1   4   2   3   0   1 18 
   5   5   3   5   0   3 31 27 20 
   9   4   0   3   6   1 19 
   8   0   2   4   4   2 31 20 
   2   4   5   0   2   2 29 23 
   8   1   2   0   4   2 29 24 
   4   4   0   5   6   2 29 25 
  10   6   3   0   6   1 24 
   4   0   5   2   6   1 25 
   6   4   3   0   4   1 26 
   1   4  10   2   0   1 28 
  10   6   3   0   4   1 28 
   2   4   8   0   4   1 30 
   7   3   3   0   3   1 30 
   1   3   0   7   4   1 32
   4   0   5   4   4   1 32
   0   0   0   0   0   0 
