
  32    4
  10   10   10   10

   0   0   0   0   0  11 2 3 4 5 6 8 12 28 29 30 31 
   7   1   1   0   1   8 27 25 21 19 18 17 16 7 
   7   0   4   1   9   8 24 23 22 20 19 15 14 10 
   6   3   5   0   3   7 26 25 20 16 15 13 11 
  10   4   1   3   0   5 24 23 20 17 14 
   1   1   0   7   2   4 19 18 15 9 
   6   4   3   3   0   3 22 14 13 
   4   3   4   0   3   3 18 16 13 
   3   4   3   0   3   1 13 
   6   4   0   2   3   1 13 
   9   0   3   6   4   1 21 
   1   0   2   1   3   1 17 
   7   1   2   4   0   1 32
   6   7   0   3   6   1 32
   9   0   3   3   2   1 32
   3   3   6   0   3   1 32
   3   5   0   6   6   1 32
   2   3   7   5   0   1 32
   3   3   3   8   0   1 32
   4   0   7   5   2   1 32
   7   4   4   6   0   1 32
  10   7   4   0   4   1 32
   9   6   0   3   3   1 32
   5   4   5   0   4   1 32
   2   3   0   4   4   1 32
   6   0   3   2   4   1 32
   4   6   4   2   0   1 32
   8   3   7   6   0   1 32
   8   5   0   5   4   1 32
   4   9   7   0   7   1 32
   2   3   0   3   8   1 32
   0   0   0   0   0   0 
