
  32    4
  10   10   10   10

   0   0   0   0   0   2 2 10 
   7   2   1   0   1   1 3 
  10   0   5   1   7   1 4 
   2   3   1   0   3   1 5 
   7   2   3   4   0   1 6 
   3   3   0   3   4   1 7 
   9   3   0   7   3   1 8 
   1   4   2   0   3   1 9 
   1   3   3   3   0   1 11 
   5   3   2   0   3   1 11 
   4   1   2   5   0   1 12 
   8   4   6   7   0   1 13 
   5   8   0   5   5   1 14 
   5   4   4   0   4   1 15 
   4   3   6   0   7   1 16 
   6   0   5   4   2   1 17 
   6   6   5   0   6   2 21 18 
   8   4   0   6   3   1 19 
   9  10   5   7   0   1 20 
   2   4   7   0   4   3 29 25 22 
   6   0   6   2   3   3 29 28 25 
   7   2   0   4   6   1 23 
  10   0   5   3   7   2 28 24 
   5   3   4   0   5   1 26 
   2   4   0   3   4   1 26 
   3   0   7   4   2   1 27 
   4   7   0   3   5   1 30 
   4   5   0   5   2   1 31 
   5   4   0   2   4   1 30 
   1   4   1   4   0   1 32
   8   4   0   2   3   1 32
   0   0   0   0   0   0 
