
  32    4
  10   10   10   10

   0   0   0   0   0   3 2 4 5 
   8   1   0   1   1   2 10 3 
   1   3   0   5   7   3 9 7 6 
   5   5   1   0   5   3 9 7 6 
   4   0   4   5   3   2 9 6 
  10   4   2   0   2   2 31 8 
   2   0   1   5   7   3 31 13 11 
   6   2   9   4   0   2 13 11 
   1   4   2   0   5   4 31 17 16 12 
   4   4   5   5   0   1 11 
   5   0   7   2   5   3 17 16 12 
  10   0   3   3   3   2 20 14 
   2   6   3   4   0   3 21 19 18 
   9   5   4   0   3   1 15 
   1   0   5   5   5   3 29 28 19 
   7   5   4   3   0   2 21 18 
  10   0   2   3   4   4 29 28 23 22 
   8   5   0   2   4   6 30 29 28 27 26 24 
   3   4   3   5   0   3 30 23 22 
   5   6   5   0   5   2 28 22 
   8   2   5   3   0   4 28 27 26 25 
   3   0   5   9   5   3 27 26 24 
   2   3   0   4   3   2 26 25 
   1   4   0   3   2   1 25 
   3   0   5   5   3   1 32
   5   8   4   5   0   1 32
   4   4   3   0   3   1 32
   7   5   0   3   6   1 32
   1   0   5   4   4   1 32
   5   1   5   4   0   1 32
   1   3   0   4   3   1 32
   0   0   0   0   0   0 
