
  32    4
  10   10   10   10

   0   0   0   0   0   7 2 3 4 6 9 11 14 
   6   1   1   0   1   4 15 10 7 5 
   9   3   0   1   5   6 19 17 15 13 12 10 
   3   5   8   6   0   4 15 13 12 8 
   7   3   3   0   5   5 31 19 17 16 13 
   9   3   0   7   5   2 16 7 
   7   3   4   3   0   5 31 22 19 18 12 
   9   3   6   1   0   6 31 29 24 22 20 19 
   5   6   4   2   0   5 31 21 20 19 18 
   7   6   5   6   0   3 31 20 16 
   3   4   0   3   3   3 21 18 16 
   6   5   5   9   0   6 30 29 25 24 21 20 
   5   3   4   5   0   5 25 22 21 20 18 
  10   2   0   7   3   5 31 30 29 21 18 
   2   0   7   5   2   5 31 30 25 22 20 
   4   0   3   5   4   5 30 29 24 23 22 
   4   4   7   3   0   4 29 25 22 20 
   8   0   3   1   4   2 24 23 
   8   0   3   5   5   3 28 27 25 
   6   0   5   2   6   2 26 23 
   7   5   2   0   4   2 26 23 
   8   0   2   3   3   3 28 27 26 
   8   0   4   5   3   2 28 27 
   5   1   2   0   5   1 26 
   1   7   0   5   7   1 26 
   5   6   5   6   0   1 32
   6   4   0   3   2   1 32
   9   0   3   2   6   1 32
   7   3   3   3   0   1 32
   3   2   3   2   0   1 32
  10   9   0   4   3   1 32
   0   0   0   0   0   0 
