
  32    4
  10   10   10   10

   0   0   0   0   0   4 2 29 30 31 
   2   1   1   1   0   1 3 
   9   7   7   3   0   2 28 4 
   3   0   3   2   1   1 5 
   6   5   1   5   0   2 27 6 
   5   5   6   0   5   1 7 
   7   3   0   5   4   2 26 8 
   6   3   4   4   0   1 9 
   2   0   3   8   3   2 25 10 
   6   5   2   6   0   2 24 11 
   5   3   0   4   3   1 12 
   2   5   7   2   0   2 23 13 
   8   0   6   6   2   1 14 
   1   1   2   5   0   1 15 
   1   3   0   5   3   1 16 
   9   1   6   0   4   1 17 
   4   6   5   0   3   1 18 
   1   3   3   3   0   1 19 
   8   4   4   0   5   1 20 
   8   7   5   0   4   1 21 
   5   4   6   2   0   1 22 
   6   6   3   4   0   1 32
   2   4   7   0   2   1 32
   7   5   6   4   0   1 32
   8   0   2   7   7   1 32
   9   0   3   3   6   1 32
  10   2   1   2   0   1 32
   3   0   5   7   4   1 32
   5   0   1   3   3   1 32
   3   5   0   1   7   1 32
   7   4   5   0   6   1 32
   0   0   0   0   0   0 
