
  32    4
  10   10   10   10

   0   0   0   0   0   3 2 10 31 
   8   0   1   1   1   1 3 
  10   1   6   7   0   2 13 4 
   7   5   2   3   0   1 5 
   2   3   4   0   2   1 6 
  10   8   1   5   0   1 7 
   2   0   6   1   6   2 27 8 
   5   3   4   0   5   1 9 
   5   3   0   3   7   1 11 
   8   3   5   2   0   1 11 
  10   6   2   5   0   2 24 12 
   2   2   3   0   4   1 14 
   8   0   3   5   1   1 14 
   5   3   3   0   4   1 15 
   9   2   8   0   4   1 16 
   9   0   5   1   3   1 17 
   7   0   3   6   3   1 18 
   1   7   0   4   5   1 19 
   1   4   4   0   5   1 20 
   1   3   8   7   0   1 21 
   8   0   2   8   8   2 30 22 
   8   4   4   1   0   1 23 
   3   3   2   0   5   1 25 
   8   4   0   4   6   1 25 
   6   6   3   3   0   1 26 
   6   6   0   4   2   1 28 
   8   3   7   5   0   1 28 
   9   6   5   5   0   1 29 
  10   3   0   8   4   1 32
   7   4   0   2   2   1 32
   9   0   5   2   3   1 32
   0   0   0   0   0   0 
