
  32    4
  10   10   10   10

   0   0   0   0   0  11 2 4 5 6 7 9 10 11 12 13 17 
  10   0   1   1   1   5 29 20 19 16 3 
   1   0   7   2   5   5 31 30 28 23 8 
   2   1   0   4   3   7 29 28 23 22 19 18 15 
   6   7   4   7   0   6 28 23 19 18 15 14 
   7   0   5   3   6   6 30 27 22 21 20 19 
   8   3   4   4   0   4 29 22 19 15 
   8   3   0   6   2   3 22 18 15 
   5   0   1   1   2   4 29 23 19 18 
   5   0   6   7   3   4 31 29 25 19 
   2   0   7   5   4   3 27 21 20 
  10   3   0   4   3   2 30 15 
   7   0   3   4   4   2 26 15 
   9   6   3   0   4   4 27 26 25 22 
   2   4   1   5   0   3 27 24 21 
   6   3   0   6   6   3 26 25 22 
   5   5   5   5   0   1 18 
   7   4   6   0   6   3 26 25 24 
   6   5   1   0   5   2 26 24 
   8   5   7   0   2   2 28 24 
   1   4   2   2   0   1 25 
   9   5   3   0   7   1 24 
   3   3   0   4   6   1 25 
   1   6   4   4   0   1 32
   4   5   6   0   4   1 32
   6   0   4   5   6   1 32
   5   5   0   3   4   1 32
  10   2   1   0   3   1 32
   5   0   7   4   4   1 32
   9   2   0   2   2   1 32
  10   3   4   4   0   1 32
   0   0   0   0   0   0 
