
  32    4
  10   10   10   10

   0   0   0   0   0   3 2 4 6 
   2   1   1   0   1   3 14 11 3 
  10   4   6   0   5   2 13 5 
   2   2   3   1   0   2 13 5 
   8   1   0   3   7   3 31 30 7 
   2   7   4   0   4   3 31 30 7 
   5   6   4   4   0   3 17 15 8 
   7   4   0   4   3   3 22 18 9 
   7   0   3   8   4   1 10 
   4   3   5   5   0   3 28 25 12 
   7   6   3   2   0   3 28 25 12 
   8   5   6   3   0   3 29 27 16 
   4   0   4   3   5   4 28 26 25 19 
   7   3   3   2   0   2 30 18 
   9   0   6   5   5   4 27 25 24 20 
   3   5   3   0   3   2 26 19 
   6  10   0   3   2   3 24 23 21 
   3   3   3   2   0   1 19 
   9   3   0   4   3   2 24 20 
   3   3   3   9   0   1 23 
   1   3   2   5   0   1 25 
  10   5   4   3   0   1 25 
   6   4   5   5   0   1 32
   6   4   3   0   7   1 32
   3   3   7   5   0   1 32
  10   4   5   0   2   1 32
  10   4   0   7   3   1 32
   8   3   3   0   5   1 32
   9   3   6   0   5   1 32
   6   5   3   1   0   1 32
   2   0   5   4   4   1 32
   0   0   0   0   0   0 
