
  32    4
  10   10   10   10

   0   0   0   0   0   3 2 3 12 
   5   1   0   1   1   2 16 4 
   4   2   1   0   1   2 16 4 
   2   4   5   0  10   2 8 5 
   9   3   7   3   0   2 11 6 
   2   4   2   0   4   2 21 7 
   6   4   7   6   0   2 19 9 
   5   3   0   1   3   2 11 10 
   1   0   4   5   3   1 10 
   3   3   0   6   5   3 26 18 13 
   7   5   4   3   0   2 26 13 
   1   0   4   4   4   4 23 21 18 15 
   7   0   2   5   5   2 23 14 
  10   5   4   3   0   1 15 
   1   0   3   4   2   1 17 
  10   0   3  10   6   1 17 
   4   9   0   8   4   2 31 20 
   1   5   0   2   5   2 31 20 
   6   5   0   5   6   2 31 20 
   1   2   2   2   0   3 30 25 22 
   9   0   3   5   4   3 30 25 22 
   7   0   5   4   4   3 29 28 24 
   7   3   3   0   3   1 24 
   5   0   6   5   7   1 27 
   4   0   2   4   4   1 28 
   3   0   5   3   2   1 31 
   1   4   0   4   2   1 32
   8   4   6   0   2   1 32
   8   5   0   2   3   1 32
   1   0   6   3   5   1 32
   4   5   0   2   5   1 32
   0   0   0   0   0   0 
