
  32    4
  10   10   10   10

   0   0   0   0   0   5 2 4 9 12 13 
   7   0   1   2   1   2 21 3 
   2   0   5   3   3   3 17 14 5 
   5   0   2   1   5   5 21 17 14 10 6 
   9   1   0   4   6   3 31 10 7 
   5   0   5   4   3   7 31 30 28 20 19 15 11 
   6   6   0   3   3   3 20 19 8 
   5   4   5   0   5   3 30 28 11 
  10   6   0   5   5   2 28 11 
  10   4   4   0   2   5 28 27 20 19 15 
  10   0   5   3   4   5 27 25 24 23 16 
   9   3   0   2   5   3 25 17 14 
  10   0   2   3   5   2 21 15 
   3   4   5   7   0   2 29 15 
   5   4   4   0   6   3 24 23 22 
   9   4   0   3   5   2 22 18 
   7   0   6   5   6   2 29 22 
   8   3   5  10   0   1 26 
   3   2   2   0   6   1 25 
   7   0   5   8   3   1 25 
   6   4   0   2   2   1 29 
   8   4   6   0   5   1 32
   9   0   6   3   3   1 32
   9   8   3   3   0   1 32
   5   0   4   3   6   1 32
   1   4   2   0   3   1 32
   9   0   4   5   4   1 32
   4   2   3   3   0   1 32
   4   4   0   6   2   1 32
   6   6   0   4   2   1 32
   2   3   0   4   4   1 32
   0   0   0   0   0   0 
