
  32    4
  10   10   10   10

   0   0   0   0   0   3 2 3 11 
   2   0   1   1   1   2 13 4 
  10   1   0   2   7   2 13 4 
   4   5   0   5   4   2 8 5 
  10   0   5   5   3   2 10 6 
   6   3   0  10   4   2 20 7 
   7   2   5   3   0   2 17 9 
   6   0   5   1   4   1 10 
   8   0   2   3   2   1 12 
   7   6   2   6   0   1 12 
   5   3   0   4   7   4 26 20 19 15 
  10   4   5   0   1   3 26 19 14 
  10   4   4   0   2   3 23 20 16 
   3   8   5   2   0   1 15 
   5   5   5   0   6   2 23 16 
   7   6   4   4   0   1 18 
   9   8   9   4   0   1 18 
   4   0   2   4   5   2 31 21 
   9   7   6   8   0   2 31 21 
   6   0   4   3   4   2 31 21 
   1   0   7   4   6   2 25 22 
   2   2   5   4   0   4 30 29 27 24 
  10   4   1   0   3   2 27 24 
   8   0   3   5   2   1 28 
   6   0   4   4   3   1 27 
   3   3   5   5   0   1 31 
   9   2   1   3   0   1 32
   9   2   0   3   4   1 32
   1   3   2   0   2   1 32
   8   0   2   4  10   1 32
   3   2   6   3   0   1 32
   0   0   0   0   0   0 
