
  32    4
  10   10   10   10

   0   0   0   0   0   1 2 
   3   0   1   1   1   2 8 3 
   3   1   5   0   5   2 11 4 
   9   2   2   3   0   2 24 5 
   1   0   3   2   4   1 6 
   4   6   5   4   0   2 23 7 
   4   6   0   2   4   2 17 9 
   7   0   4   3   6   1 9 
   1   0   3   5   4   1 10 
   9   5   9   4   0   1 12 
  10   3   0   4   6   4 31 23 22 14 
   2   0   1   3   6   3 31 22 13 
   4   5   5   0   3   1 14 
   1   5   4   1   0   1 15 
   8   2   4   0   2   1 16 
   6   5   0   9   2   1 18 
  10   4   1   0   3   1 18 
   4   0   5   8   2   2 30 19 
   8   7   3   0   5   2 29 20 
   5   5   0   3   1   1 21 
  10   2   0   4   4   1 25 
   1   0   1   5   7   1 25 
   7   0   4   6   7   1 25 
   2   2   4   4   0   1 25 
   1   3   4   7   0   1 26 
   5   0   5   3   1   1 27 
   9   7   7   4   0   1 28 
   5   3   5   5   0   1 32
   4   4   6   2   0   1 32
   8   4   0   4   5   1 32
  10   3   5   0   6   1 32
   0   0   0   0   0   0 
