
  32    4
  10   10   10   10

   0   0   0   0   0   3 2 8 11 
   8   1   1   1   0   1 3 
   4   2   7   5   0   2 23 4 
   2   4   4   7   0   1 5 
   1   4   0   9   1   3 31 10 6 
   1   0   2   6   7   1 7 
   3   3   5   0   2   3 22 14 9 
   4   0   3   1   5   3 22 17 12 
   1   6   0   1   5   2 17 12 
   3  10   4   0   3   1 12 
   5   5   3   0   2   1 12 
   9   0   5   4   3   2 15 13 
   8   2   4   0   4   2 30 16 
   9   3   0   5   5   2 17 15 
   5   4   0   2   4   1 18 
  10   4   0   5   3   1 19 
   2   2   3   0   3   1 18 
   9   1   6   0   6   1 20 
   7   1   3   0   3   1 20 
   5   6   2   4   0   1 21 
   3   0   3   2   6   1 24 
   5   0   3   1   3   1 24 
   4   6   3   8   0   1 24 
   8   4   6   0   4   1 25 
   1   5   7   2   0   1 26 
   5   0   5   5   6   2 29 27 
   2   4   0   3   2   1 28 
   6   5   6   0   8   1 32
  10   4   3   8   0   1 32
   2   4   0   1   1   1 32
   1   6   0   4   6   1 32
   0   0   0   0   0   0 
