
  32    4
  10   10   10   10

   0   0   0   0   0   1 2 
   3   1   0   1   1   1 3 
   1   6   1   0   4   1 4 
   2   5   0   2   5   1 5 
   4   0   4   5   5   1 6 
   1   0   6   1   5   1 7 
   9   4   0   1   4   1 8 
   4   3   3   0   4   2 23 9 
   8   4   0   8   4   1 10 
   4   4   4   0   2   1 11 
   9   4   4   0   2   1 12 
   9   6   3   0   6   1 13 
   8   2   3   0   4   2 31 14 
   7   5   7   0   3   1 15 
   8   6   2   0   5   1 16 
  10   2   3   0   3   1 17 
   9   6   6   5   0   2 30 18 
   1   9   4   0   7   1 19 
   9   2   4   7   0   1 20 
   8   5   4   0   3   1 21 
   4   6   5   0   2   1 22 
   3   1   8   5   0   1 24 
   3   0   4   4   2   1 24 
   7   4   1   4   0   1 25 
   9   4   5   0   9   1 26 
   4   2   4   5   0   1 27 
   9   2   2   0   2   1 28 
   3   4   2   2   0   1 29 
   8   3   5   5   0   1 32
   8   4   4   4   0   1 32
   5   0   6   5   6   1 32
   0   0   0   0   0   0 
