
  32    4
  10   10   10   10

   0   0   0   0   0   5 2 4 10 16 31 
   8   1   1   1   0   1 3 
   1   5   4   3   0   4 15 12 11 5 
   8   6   3   0   1   4 15 12 11 7 
   2   0   8   3   3   4 30 28 14 6 
  10   3   7   2   0   3 29 18 8 
   8   5   0   4   5   4 30 28 27 9 
   6   4   2   3   0   2 27 9 
   1   2   0   4   3   5 25 23 22 21 13 
   1   4   6   6   0   1 12 
   5   5   4   7   0   4 29 28 25 18 
   5   0   4   6   4   3 26 20 14 
   1   4   7   0   4   2 20 17 
  10   0   4   3   3   2 22 21 
   3   2   5   0   2   2 26 20 
   8   0   4   5   4   1 19 
   3   0   5   3   5   1 24 
   3   2   1   3   0   1 23 
   7   6   3   5   0   1 26 
   7   0   4   5   8   1 32
   8   2   4   8   0   1 32
   9   5   1   0   3   1 32
   7   4   2   3   0   1 32
   6   0   5   5   5   1 32
   8   5   5   5   0   1 32
   5   5   2   0   7   1 32
   4   9   0   3   3   1 32
   5   2   5   0   4   1 32
   7   4   0   3   5   1 32
  10   0   4   4   3   1 32
   6   3   4   2   0   1 32
   0   0   0   0   0   0 
