
  32    4
  10   10   10   10

   0   0   0   0   0  19 2 3 4 5 6 7 9 10 21 22 23 24 25 26 27 28 29 30 31 
  10   1   1   1   0   4 15 14 13 12 
   6   7   2   7   0   3 20 19 11 
   2   3   2   0   1   3 18 15 12 
   5   7   5   0   3   2 17 16 
   2   7   5   4   0   2 14 13 
   4   0   5   2   4   1 8 
   9   2   7   0   5   1 11 
   3   0   5   6   6   1 12 
  10   0   4   5   4   1 11 
   9   3   3   4   0   1 32
   3   3   3   4   0   1 32
   5   6   3   0   7   1 32
   2   5   0   2   8   1 32
   4   0   3   7   1   1 32
   9   5   0   3   2   1 32
   9   5   0   3   3   1 32
   7   2   0   2   6   1 32
   1   3   3   2   0   1 32
   8   3   2   5   0   1 32
   2   0   2   4   6   1 32
   4   3   2   4   0   1 32
   3   0   5   2   3   1 32
   4   5   3   0   3   1 32
   2   5   1   4   0   1 32
  10   6   5   0   3   1 32
   1   0   6   5   3   1 32
   2   3   9   0   5   1 32
   1   3   3   0   2   1 32
   4   1   6   0   6   1 32
   7   0   9   8   3   1 32
   0   0   0   0   0   0 
