
  32    4
  10   10   10   10

   0   0   0   0   0   2 2 9 
   4   0   1   1   1   1 3 
   6   1   4   4   0   1 4 
   3   1   5   0   6   1 5 
  10   3   5   4   0   1 6 
   5   3   0   6   8   1 7 
   2   5   3   5   0   1 8 
   5   0   3   4   3   1 10 
   3   2   3   3   0   1 10 
   9   5   4   2   0   1 11 
   6   4   4   2   0   1 12 
   7   3   5   0   2   1 13 
   8   2   4   3   0   1 14 
   2   0   4   4   5   1 15 
   8   0   1   4   2   1 16 
   7   5   4   4   0   1 17 
   5   3   4   0   5   2 22 18 
   9   5   2   0   5   1 19 
   9   0   6   4   5   1 20 
  10   6   6   0   2   2 25 21 
  10   8   0   3   3   2 28 23 
   2   4   0   5   4   3 28 26 25 
  10   6   5   3   0   2 26 24 
   4   7   5   5   0   2 31 27 
   6   0   4   5   6   1 27 
   8   3   4   0   4   2 31 30 
   3   5   5   6   0   1 29 
   3   3   5   0   4   1 29 
   6   5   0   5   3   1 30 
   1   6   5   2   0   1 32
   3   1   3   8   0   1 32
   0   0   0   0   0   0 
