
  32    4
  10   10   10   10

   0   0   0   0   0  20 2 3 4 6 7 8 9 10 11 12 22 23 24 25 26 27 28 29 30 31 
   4   1   0   1   1   4 21 18 14 5 
   2   3   1   5   0   3 18 17 15 
   8   3   3   2   0   2 16 13 
   5   0   4   5   4   1 19 
   8   4   2   0   5   1 13 
   6   6   0   4   2   1 13 
   5   5   4   0   4   1 17 
   3   0   2   3   1   1 16 
   2   3   5   5   0   1 15 
   6   8   7   8   0   1 20 
   9   8   2   6   0   1 14 
   4   2   4   2   0   1 32
   5   0   2   3   5   1 32
   7   8   5   4   0   1 32
   1   3   4   0   2   1 32
   4   2   3   0   6   1 32
   7   5   0   5   5   1 32
  10   5   7   4   0   1 32
   4   4   3   0   5   1 32
   3   2   2   5   0   1 32
   4   2   7   3   0   1 32
   6   5   4   1   0   1 32
   6   2   7   4   0   1 32
   1   0   9   1   8   1 32
   4   1   0   2   6   1 32
   8   8   2   7   0   1 32
   6   2   3   5   0   1 32
   3   4   0   4   2   1 32
   6   4   0   8   7   1 32
   8   4   0   3   1   1 32
   0   0   0   0   0   0 
