
  32    4
  10   10   10   10

   0   0   0   0   0   5 2 4 10 12 13 
   1   1   1   0   1   2 21 3 
   7   4   5   1   0   3 17 14 5 
   1   0   4   6   6   4 21 17 14 6 
   3   5   0   4   2   3 31 9 7 
   2   7   7   0   4   4 31 30 11 9 
  10   2   3   0   5   3 20 19 8 
   4   4   0   1   2   3 30 28 11 
   9   5   4   2   0   6 28 27 26 20 19 15 
   1   0   5   1   5   2 28 11 
   4   4   6   0   3   5 27 25 24 23 16 
   4   0   5   4   7   3 23 17 14 
   2   2   0   3   8   3 23 21 15 
   3   2   6   0   4   2 29 15 
   3   5   7   0   2   3 25 24 22 
   7   8   4   5   0   2 22 18 
   7   4   0   2   4   2 29 22 
   5   0   1   7   3   1 26 
   9   2   0   6   5   1 23 
   3   0   6   6   5   1 23 
   6   4   1   0   5   1 29 
   7   5   3   4   0   1 32
   6   0   5   5   2   1 32
   1   4   3   0   6   1 32
   2   0   4   5   2   1 32
   3   0   1   5   2   1 32
   8   4   0   5   3   1 32
  10   0   4   3   4   1 32
   4   4   8   0   6   1 32
   6   4   2   5   0   1 32
   5   0   1   4   4   1 32
   0   0   0   0   0   0 
