
  32    4
  10   10   10   10

   0   0   0   0   0   3 2 11 12 
   1   1   1   1   0   1 3 
   7   1   0   5   1   2 22 4 
   5   4   0   4   2   1 5 
   7   2   0   4   4   3 31 9 6 
   5   2   8   4   0   1 7 
   2   4   2   3   0   3 24 14 8 
  10   0   4   4   5   2 16 10 
   9   5   8   5   0   1 10 
   4   5   2   0   4   3 19 17 13 
   4   3   4   4   0   4 30 19 18 16 
   9   3   5   0   3   3 30 18 17 
   2   0   6   5   4   2 30 15 
   3   0   2   4   2   2 19 16 
   5   3   4   1   0   1 18 
   5   5   7   4   0   1 17 
   2   5   2   0   3   1 20 
   4   5   2   0   8   1 20 
   4   5   3   0   2   1 20 
   3   6   1   0   6   1 21 
   9   0   2   4   5   1 23 
   1   0   4   2   3   1 23 
  10   0   6   3   7   1 25 
   4   3   4   0   8   1 25 
   6   9   0   9   2   1 26 
   9   4   0   2   6   2 29 27 
   5   3   0   7   3   1 28 
   9   2   0   5   2   1 32
   6   4   0   3   4   1 32
   4   0   6   5   3   1 32
   4   8   5   0   5   1 32
   0   0   0   0   0   0 
