
  32    4
  10   10   10   10

   0   0   0   0   0   3 2 3 20 
   5   1   1   0   1   2 25 4 
   4   4   0   2   3   2 25 4 
   2   5   0   8   3   2 8 5 
   2   6   2   0   9   2 12 6 
   4   4   3   4   0   2 31 7 
   3   0   3   2   3   2 18 9 
   9   3   3   0   6   2 12 10 
   4   6   5   0   3   1 10 
   1   1   4   0   7   3 24 15 11 
   4   3   0   2   1   2 21 13 
   1   4   0   4   3   2 24 13 
   4   0   5   2   2   1 14 
   8   3   0   3   4   2 30 16 
   5   0   4   6   5   2 30 17 
   6   5   4   3   0   1 17 
   3   0   5   7   7   3 29 23 19 
   2   5   5   0   5   2 29 19 
   9   2   3   3   0   3 28 27 22 
   4   0   1   3   2   3 30 28 23 
   9   4   0   4   4   1 22 
   3   0   8   3   5   1 26 
  10   3   7   6   0   1 27 
   4   4   4   0   5   1 30 
   8   4   0   3   4   1 26 
  10   7   4   4   0   1 32
   7   5   0   4   5   1 32
   8   0   3  10   2   1 32
   3   4   6   2   0   1 32
   5   0   5   3   6   1 32
   6   5   3   0   1   1 32
   0   0   0   0   0   0 
