
  32    4
  10   10   10   10

   0   0   0   0   0  14 2 3 4 6 9 10 11 25 26 27 28 29 30 31 
   5   0   1   1   1   5 24 23 22 18 8 
   1   0   3   5   6   4 21 15 13 5 
   8   1   9   0   3   3 20 16 7 
   9   4   4   0   6   2 17 14 
   8   3   0   3   4   2 19 14 
   4   4   2   0   4   1 12 
   6   5   3   0   5   1 13 
   9   6   5   4   0   1 16 
   3   3   5   6   0   1 15 
   2   2   0   7   4   1 12 
   8   2   0   3   5   1 32
   8   4   0   3   3   1 32
   6   4   5   2   0   1 32
   3   3   2   0   3   1 32
   7   4   5   5   0   1 32
   9   7   3   5   0   1 32
   2   2   0   6   4   1 32
   8   0   3   6   1   1 32
   2   6   0   5   4   1 32
   6   0   6   4   6   1 32
   8   6   3   0   4   1 32
   8   2   4   3   0   1 32
   5   3   4   3   0   1 32
   2   6   3   3   0   1 32
   3   3   0   3   6   1 32
   9   4   7   0   5   1 32
   5   5   1   2   0   1 32
   6   4   5   0   3   1 32
   6   7   5   5   0   1 32
   4   4   0   4   3   1 32
   0   0   0   0   0   0 
