
  32    4
  10   10   10   10

   0   0   0   0   0   3 2 7 8 
   3   1   0   1   1   1 3 
   8   5   1   5   0   2 18 4 
   6   4   8   0   5   1 5 
   1   4   0   3   3   3 26 11 6 
   2   2   0   9   3   1 9 
  10   2   5   0   2   1 9 
   4   0   2   3   5   3 26 21 11 
   5   4   2   0   4   2 14 10 
   7   5   2   0   6   3 21 17 12 
   2   0   4   5   5   2 17 12 
   8   0   5   4   3   2 15 13 
   2   6   5   0   8   2 31 16 
   2   0   4   2   3   2 17 15 
   9   0   4   3   3   1 19 
   9   5   2   0   3   1 20 
   1   5   5   0   4   1 19 
   8   2   4   0   5   1 19 
   2   0   2   5   1   1 22 
   8   5   0   3   8   1 22 
   2   7   5   0   5   1 22 
   3   0   3   3   2   1 23 
   1   6   0   5   3   1 24 
  10   3   2   5   0   1 25 
   7   4   3   0   3   1 27 
   1   0   9   2   7   1 27 
   1   0   3   3   4   2 30 28 
   6   2   5   3   0   1 29 
   5   0   4   6   3   1 32
   6   0   6   5   5   1 32
   4   0   5   5   4   1 32
   0   0   0   0   0   0 
