
  32    4
  10   10   10   10

   0   0   0   0   0   3 2 5 6 
   6   1   0   1   1   3 14 11 3 
  10   4   1   0   3   2 13 4 
   7   0   1   3   7   3 31 30 7 
   6   4   2   2   0   2 30 7 
   6   8   0   3   5   2 30 7 
   6   0   7   2   5   3 17 15 8 
   4   4   4   4   0   3 22 18 9 
   2   2   4   0   3   1 10 
   3   5   4   0   4   3 28 25 12 
   6   6   4   3   0   4 28 27 25 16 
   7   0   4   1   2   3 29 27 16 
   2   0   5   7   5   4 28 26 25 19 
   4   5   7   0   4   2 31 18 
   5   0   8   7   2   4 27 25 24 20 
   3   4   0   3   4   2 26 19 
   1   1   4   0   7   3 24 23 21 
   4   0   4   5   6   1 19 
   1   5   0   6   4   2 24 20 
   9   1   1   6   0   1 23 
   1   1   6   8   0   1 25 
   3   0   5   4   1   1 25 
  10   0   4   3   6   1 32
  10   5   2   0   4   1 32
   9   0   8   2   3   1 32
  10   0   3   3   1   1 32
   1   7   0   5   5   1 32
   1   5   2   0   4   1 32
   8   0   4   2   1   1 32
   5   0   3   3   5   1 32
  10   0   3   9   8   1 32
   0   0   0   0   0   0 
