
  32    4
  10   10   10   10

   0   0   0   0   0  16 2 3 4 5 6 9 10 11 24 25 26 27 28 29 30 31 
   7   0   1   1   1   5 23 22 17 15 12 
   8   1   4   4   0   3 18 14 7 
   9   5   0   5   4   4 18 16 14 13 
   5   7   0   6   5   4 21 17 16 13 
   6   3   7   0   2   2 15 8 
   2   0   3   7   5   2 20 19 
   8   5   5   5   0   1 12 
  10   5   3   2   0   1 14 
  10   5   2   4   0   1 13 
   2   2   0   5   3   1 12 
   8   0   6   4   4   1 32
   5   4   6   5   0   1 32
   6   0   5   3   3   1 32
   5   6   5   6   0   1 32
   6   5   3   6   0   1 32
   6   0   3   4   8   1 32
   5   1   0   4   3   1 32
   3   6   3   3   0   1 32
   2   0   5   3   1   1 32
   1   0   3   1   4   1 32
   3   1   5   0   5   1 32
   3   2   0   4   6   1 32
   2   4   8   3   0   1 32
   7   6   0   4   3   1 32
   6   2   0   6   6   1 32
   6   5   4   0   5   1 32
   8   0   2   2   6   1 32
   3   9   3   3   0   1 32
   5   2   3   4   0   1 32
   2   2   3   0   2   1 32
   0   0   0   0   0   0 
