
  32    4
  10   10   10   10

   0   0   0   0   0   7 2 3 4 5 10 12 15 
   7   0   1   1   1   4 18 14 9 6 
   3   0   5   4   5   6 31 24 16 14 13 8 
   4   0   4   5   4   4 19 17 13 7 
   3   1   3   5   0   7 29 24 21 20 18 17 13 
   6   4   3   0   4   6 31 30 24 21 20 11 
   8   1   5   1   0   7 31 29 24 23 21 20 16 
   6   7   0   3   4   8 30 29 28 23 22 21 20 19 
   1   3   4   3   0   6 31 29 22 20 19 17 
   5   6   3   0   2   4 31 29 24 16 
   2   1   4   0   4   3 23 19 16 
  10   5   0   5   7   2 22 17 
   9   7   5   4   0   4 28 26 23 22 
   5   3   3   4   0   3 29 23 19 
   9   4   0   5   6   1 16 
   1   2   8   2   0   4 28 26 25 22 
   2   0   3   3   2   4 30 28 26 25 
   4   3   0   5   2   1 19 
   7   4   5   0   5   3 27 26 25 
   7   3   0   3   1   3 27 26 25 
   3   7   4   4   0   2 27 25 
   9   4   0   4   5   1 27 
   2   6   4   5   0   1 25 
   6   4   5   4   0   1 26 
   8   4   0   7   7   1 32
   1   7   2   3   0   1 32
   5   2   3   0   6   1 32
   4   3   5   5   0   1 32
   3   0   5   4   2   1 32
  10   5   2   0   2   1 32
   1   0   6   7   7   1 32
   0   0   0   0   0   0 
