
  32    4
  10   10   10   10

   0   0   0   0   0   3 2 22 31 
   3   1   1   0   1   1 3 
   4   0   1   1   1   2 25 4 
   6   5   0   5   5   1 5 
   3  10   0   6   5   3 30 11 6 
   3   0   4   2   4   1 7 
   3   3   0   2   5   3 29 12 8 
   9   4   0   5   7   2 17 9 
   6   2   3   3   0   3 23 16 10 
   9   0   5   4   1   2 28 13 
   3   0   5   3   5   2 16 14 
   2   5   0   5   4   2 23 17 
   2   4   5   4   0   1 14 
   1   6   4   0   2   1 15 
   8   3   0   4   6   1 18 
   2   0   4   5   8   1 18 
  10   1   6   4   0   1 18 
   3   4   3   3   0   1 19 
  10   4   4   5   0   1 20 
   1   5   0   6   4   1 21 
   7   6   5   2   0   2 27 24 
   1   5   3   0   5   2 27 26 
   2   4   4   0   5   1 24 
   8   0   2   3   1   1 26 
   1   4   6   5   0   1 27 
   1   0   6   3   1   1 32
   7   4   0   8   2   1 32
   5   3   4   3   0   1 32
   4   0   3   7   7   1 32
  10   0   4   2   5   1 32
   4   1   6   4   0   1 32
   0   0   0   0   0   0 
