
  32    4
  10   10   10   10

   0   0   0   0   0  14 2 3 4 5 7 10 11 25 26 27 28 29 30 31 
   5   0   1   1   1   5 24 23 22 18 9 
   8   1   0   3   2   4 21 15 13 6 
   7   0   3   5   2   3 17 16 8 
   5   3   0   1   4   3 18 17 12 
   3   5   0   3   2   2 19 14 
   4   4   0   3   4   2 20 14 
   5   5   0   1   5   1 12 
   8   6   5   0   2   1 13 
   6   2   3   0   5   1 16 
   8   0   3   5   3   1 15 
   3   5   6   0   6   1 32
   1   0   4   6   7   1 32
   3   2   4   3   0   1 32
   7   3   8   1   0   1 32
   4   7   0   5   2   1 32
   2   6   3   5   0   1 32
   2   6   4   0   5   1 32
   3   5   0   4   8   1 32
   1   0   3   5   3   1 32
   3   0   3   5   5   1 32
   5   0   3   5   6   1 32
   9   2   5   5   0   1 32
   7   5   4   5   0   1 32
   2   2   4   3   0   1 32
   5   3   0   8   4   1 32
   6   5   7   0   2   1 32
   2   4   0   5   2   1 32
   8   4   2   0   5   1 32
   3   0   5   3   5   1 32
   9   3   0   6   6   1 32
   0   0   0   0   0   0 
