
  32    4
  10   10   10   10

   0   0   0   0   0  14 2 3 4 5 9 10 11 12 13 16 17 29 30 31 
   3   1   0   1   1   6 28 27 15 8 7 6 
   9   4   0   5   4   7 26 25 22 20 14 7 6 
   4   0   1   2   5   5 23 22 20 14 6 
   2   3   1   0   3   4 22 20 15 14 
   3   5   0   5   1   3 24 21 18 
   5   0   6   1   6   3 23 19 18 
   6   7   3   3   0   3 25 20 18 
   7   4   2   0   5   3 24 23 18 
   6   3   7   3   0   2 26 19 
   4   0   5   2   5   2 22 21 
   2   6   3   0   3   2 22 19 
   2   5   6   2   0   2 20 18 
  10   6   2   2   0   1 18 
  10   4   4   0   7   1 19 
   4   3   0   4   4   1 21 
   7   2   4   0   8   1 19 
   7   0   4   5   3   1 32
   8   0   6   7   2   1 32
   8   0   6   3   7   1 32
   6   7   3   0   2   1 32
   8   5   0   4   4   1 32
   2   2   0   6   6   1 32
   4   6   3   3   0   1 32
   5   5   0   4   2   1 32
   5   1   5   9   0   1 32
   9   2   6   0   2   1 32
   4   2   4   4   0   1 32
   8   6   0   9   4   1 32
  10   5   0   4   6   1 32
   2   2   3   0   2   1 32
   0   0   0   0   0   0 
