
  32    4
  10   10   10   10

   0   0   0   0   0  12 2 3 4 5 7 11 12 27 28 29 30 31 
   9   1   1   1   0   5 26 25 17 14 6 
   1   4   0   5   1   5 24 23 21 16 10 
   6   4   5   5   0   3 19 16 9 
   5   5   4   0   1   3 19 18 8 
   2   0   6   3   2   2 20 15 
   6   3   1   0   5   2 22 15 
   3   0   3   1   4   1 13 
   9   4   3   7   0   1 13 
   7   8   0   6   4   1 14 
  10   0   3   3   3   1 18 
   4   0   5   4   3   1 17 
   4   8   4   0   8   1 32
   4   0   5   2   5   1 32
   2   0   1   6   5   1 32
   2   3   4   3   0   1 32
   4   4   0   2   5   1 32
   1   0   4   6   3   1 32
  10   0   7   5   3   1 32
   1   2   5   0   5   1 32
   4   0   5   2   7   1 32
   9   4   0   4   4   1 32
   3   4   6   4   0   1 32
   9   0   8   4   7   1 32
   9   4   0   9   3   1 32
   9   3   0   1   5   1 32
   8   0   4   6   5   1 32
   4   0   4   4   1   1 32
   3   3   4   0   4   1 32
   2   4   2   0   5   1 32
   4   0   2   3   2   1 32
   0   0   0   0   0   0 
