
  32    4
  10   10   10   10

   0   0   0   0   0   1 2 
  10   1   1   0   1   1 3 
   4   3   5   1   0   1 4 
   3   0   4   2   3   1 5 
  10   3   7   4   0   1 6 
   6   0   3   3   1   1 7 
   1   4   0   4   5   1 8 
   2   4   1   3   0   1 9 
   1   8   1   0   2   1 10 
   6   6   0   5   7   1 11 
   8   6   0   4   4   1 12 
   7   4   8   0   3   1 13 
   5   3   4   0   4   1 14 
  10   6   5   5   0   2 23 15 
   3   4   3   0   5   1 16 
   4   4   2   9   0   2 31 17 
   7   0   2   2   2   1 18 
   9   5   5   0   2   1 19 
   6   1   6   0   6   1 20 
   2   2   5   0   7   1 21 
   3   5   0   2   4   1 22 
   8   0   9   8   7   1 24 
   7   0   6   3   5   1 24 
   3   4   4   0   4   1 25 
   3   0   2   3   3   2 30 26 
   6   0   4   6   4   1 27 
   8   4   3   6   0   1 28 
   7   3   0   3   3   1 29 
   7   0   3   4   5   1 32
   9   0   4   2   3   1 32
   6   0   3   5   6   1 32
   0   0   0   0   0   0 
