
  32    4
  10   10   10   10

   0   0   0   0   0   3 2 11 12 
  10   1   0   1   1   1 3 
   1   0   1   4   6   2 22 4 
   3   3   0   7   5   1 5 
  10   0   4   5   2   3 31 9 6 
   1   4   2   0   3   1 7 
   5   0   2   4   7   3 24 14 8 
   5   4   5   0   3   2 16 10 
   8   8   3   3   0   1 10 
   5   3   0   2   5   3 19 17 13 
   4   4   3   4   0   3 19 17 13 
   8   0   3   1   2   4 30 19 18 16 
   7   4   0   6   5   2 30 15 
   4   7   1   0   5   2 19 16 
   4   3   0   2   4   1 18 
   5   5   0   5   4   1 17 
   4   0   8   2   2   1 20 
   9   4   7   3   0   1 20 
   3   4   0   5   6   1 20 
   1   0   3   3   5   1 21 
  10   3   2   5   0   1 23 
   3   3   6   0   1   1 23 
   7   3   2   0   4   1 25 
   4   0   4   3   4   1 25 
   4   2   5   6   0   1 26 
   2   3   5   0   5   2 29 27 
   2   6   0   8   5   1 28 
   1   3   6   0   4   1 32
   3   2   4   0   4   1 32
   1   6   0   5   4   1 32
  10   7   8   0   4   1 32
   0   0   0   0   0   0 
