
  32    4
  10   10   10   10

   0   0   0   0   0   2 2 31 
   8   1   1   1   0   3 30 29 3 
   4   0   5   5   1   1 4 
   6   3   2   0   3   2 28 5 
   7   5   6   0   3   2 27 6 
   2   5   5   0   2   1 7 
   5   4   0   3   3   1 8 
   6   4   0   6   6   1 9 
   1   2   3   0   3   2 26 10 
   3   4   4   4   0   2 25 11 
  10   0   2   5   3   2 24 12 
   4   5   3   4   0   1 13 
   7   3   3   0   4   2 23 14 
   6   3   0   5   5   1 15 
   6   5   4   0   3   1 16 
   3   2   4   0   4   1 17 
   8   4   3   0   5   1 18 
   3   4   4   3   0   1 19 
   8   1   3   0   3   1 20 
   9   7   6   0   4   1 21 
  10   6   0   4   3   1 22 
   4   5   0   5   5   1 32
   6   0   4   6   3   1 32
   4   5   5   0   9   1 32
   3   0   7   4   4   1 32
   2   4   0   3   5   1 32
   2   3   4   2   0   1 32
   9   6   4   0   4   1 32
   3   5   0   4   5   1 32
   8   5   3   0   7   1 32
   8   3   7   0   3   1 32
   0   0   0   0   0   0 
