
  32    4
  10   10   10   10

   0   0   0   0   0   3 2 30 31 
   9   0   1   1   1   1 3 
   7   0   4   2   3   3 23 21 4 
   7   1   4   3   0   1 5 
   5   3   0   5   6   2 29 6 
   6   4   4   0   3   1 7 
   9   0   2   6   4   3 28 12 8 
   5   4   4   4   0   2 16 9 
   8   2   4   0   2   2 19 10 
   8   0   8   4   2   2 26 11 
   5   0   2   8   2   1 13 
  10   0   3   4   5   2 27 15 
   7   3   1   0   2   1 14 
   9   4   6   0   9   1 15 
   2   1   0   8   4   1 17 
   2  10   3   0   3   1 17 
  10   6   0   4   2   1 18 
   1   8   4   0   3   1 20 
   7   4   5   0   2   1 20 
   5   4   5   0   2   2 24 22 
   9   0   6   3   7   2 24 22 
   4   3   0   3   6   1 25 
   1   5   0   7   6   1 24 
   1   4   0   3   2   1 32
   7   2   5   2   0   1 32
  10   0   5   5   6   1 32
   3   7   0   6   8   1 32
   9   1   0   1   3   1 32
   6   5   0   4   2   1 32
   7   0   3   1  10   1 32
  10   3   5   0   3   1 32
   0   0   0   0   0   0 
