
  32    4
  10   10   10   10

   0   0   0   0   0   4 2 3 4 7 
   7   1   1   1   0   3 9 6 5 
   2   4   4   6   0   2 6 5 
   3   4   1   0   1   3 14 9 8 
   5   3   9   5   0   3 14 10 8 
   5   6   2   0   3   3 14 12 10 
   8   4   0   3   6   3 12 11 10 
   4   1   4   6   0   2 12 11 
   2   2   8   6   0   2 16 10 
   4   4   4   0   1   2 19 13 
   1   3   2   2   0   2 16 13 
   9   3   3   2   0   4 20 19 16 15 
   5   6   0   3   6   3 20 18 17 
   6   5   6   2   0   2 16 15 
   6   3   5   5   0   5 31 30 25 23 22 
  10   6   7   4   0   4 30 29 23 21 
   6   0   2   1   2   4 30 29 23 21 
   6   3   5   0   3   3 30 22 21 
   8   0   1   1   4   4 30 26 25 22 
  10   4   7   0   7   5 31 30 29 25 24 
   5   0   3   6   2   4 31 26 25 24 
   4   3   4   0   5   3 29 27 24 
   4   7   8   6   0   2 28 26 
   7   6   2   6   0   1 28 
   5   0   4   7   6   1 27 
   9   0   4   5   5   1 27 
   8   3   0   6   6   1 32
   3   0   2   2   4   1 32
  10   5   2   0   2   1 32
   6   5   0   5   4   1 32
   6   5   0   2   5   1 32
   0   0   0   0   0   0 
