
  32    4
  10   10   10   10

   0   0   0   0   0   3 2 3 31 
   6   0   1   1   1   2 30 4 
   6   0   6   3   4   3 30 13 5 
   5   1   7   3   0   2 13 5 
   5   0   7   2   3   1 6 
   2   4   0   2   3   3 29 28 7 
   8   8   4   0   4   1 8 
   6   4   6   7   0   2 27 9 
   6   4   0   9   3   3 26 25 10 
   7   5   2   3   0   1 11 
   9   5   1   2   0   1 12 
   6   2   0   3   6   2 24 14 
   3   3   0   4   2   4 24 19 18 16 
  10   0   4   2   5   1 15 
   8   5   0   5   5   3 22 18 16 
   9   4   5   0   5   3 23 20 17 
   9   3   0   4   6   1 21 
   3   1   0   6   5   1 20 
   1   5   2   5   0   1 22 
   8   4   3   3   0   1 32
  10   6   5   0   2   1 32
   5   3   4   4   0   1 32
   9   2   6   0   4   1 32
   1   6   0   6   6   1 32
   7   2   4   5   0   1 32
   8   6   0   3   4   1 32
   8   4   5   0   2   1 32
  10   0   1   6   4   1 32
   5   0   4   6   4   1 32
   7   5   1   0   6   1 32
   4   4   6   2   0   1 32
   0   0   0   0   0   0 
