
  32    4
  10   10   10   10

   0   0   0   0   0   2 2 31 
   9   1   1   0   1   1 3 
   9   5   3   1   0   3 30 29 4 
   4   4   3   0   5   1 5 
   7   0   4   2   4   3 28 27 6 
   7   0   3   5   3   1 7 
   5   2   6   0   4   1 8 
   2   0   6   5   5   1 9 
   9   0   1   3   4   1 10 
  10   5   0   2   1   3 26 25 11 
   2   3   0   6   2   1 12 
   1   0   3   3   3   1 13 
   9   6   4   0   4   3 24 23 14 
   7   0   6   3   5   1 15 
   8   4   3   6   0   1 16 
   7   3   3   5   0   1 17 
   3   3   3   3   0   1 18 
   3   3   8   0   6   1 19 
   2   5   3   3   0   1 20 
   4   1   4   0   3   1 21 
   9   0   2   8   7   1 22 
   5   6   3   0   4   1 32
   9   6   5   0   9   1 32
   9   0   3   3   5   1 32
   4   2   2   3   0   1 32
   6   0   4   4   3   1 32
   9   7   0   6   3   1 32
  10   5   5   2   0   1 32
   1   5  10   6   0   1 32
   7   5   3   5   0   1 32
   8   3   7   0   3   1 32
   0   0   0   0   0   0 
