
  32    4
  10   10   10   10

   0   0   0   0   0   1 2 
   9   1   1   0   1   1 3 
   5   3   6   1   0   3 31 30 4 
   9   0   6   3   5   1 5 
   3   0   4   2   2   1 6 
   8   1   0   4   5   1 7 
   7   6   3   0   5   1 8 
   7   5   0   2   3   1 9 
   5   3   0   2  10   1 10 
   5   3   0   6   5   1 11 
   1   2   0   4   5   1 12 
   2   6   0   4   4   1 13 
  10   4   4   4   0   2 29 14 
   8   3   5   7   0   1 15 
   6   0   6   3   6   1 16 
   6   8   4   0   3   1 17 
   4   8   5   4   0   1 18 
  10   0   3   5   2   1 19 
   5   5   0   5   7   1 20 
   6   3   5   0   3   1 21 
   7   2   0   6   4   1 22 
   6   3   0   2   3   1 23 
   1   6   0   4   1   1 24 
   2   4   3   5   0   1 25 
   2   0   3   5   3   1 26 
   5   6   4   3   0   1 27 
   5   3   0   7   2   1 28 
   9   3   0   3   2   1 32
   8   2   3   0   5   1 32
   1   6   0   4   6   1 32
  10   0   3   5   4   1 32
   0   0   0   0   0   0 
