
  32    4
  10   10   10   10

   0   0   0   0   0   3 2 3 31 
  10   1   1   1   0   2 30 4 
   2   5   0   1   1   3 30 10 5 
   9   2   4   0   2   2 10 5 
   1   4   3   4   0   2 14 6 
   4   4   0   3   3   3 29 28 7 
   3   6   0   5   5   1 8 
   9   4   0   3   2   2 18 9 
   3   0   2   8   3   2 27 11 
   2   2   0   1   5   3 27 14 12 
   1   0   3   5   4   2 21 12 
   8   6   0   6   3   1 13 
  10   1   7   5   0   2 26 15 
   6   2   3   5   0   1 15 
   9   0   5   6   6   1 16 
   6   6   7   0   7   3 25 20 17 
   7   0   6   3   3   3 24 23 19 
   7   4   4   5   0   2 25 24 
   3   0   5   2   4   1 22 
   6   0   5   7   5   1 23 
   2   0   4   4   5   1 22 
   1   2   4   0   8   1 32
   1   5   0   3   7   1 32
   8   8   5   0   5   1 32
   8   0   3   2   3   1 32
  10   5   3   2   0   1 32
   6   0   1   5   1   1 32
   1   7   0   6   1   1 32
   5   0   6   4   3   1 32
   3   2   2   0   4   1 32
   6   4   5   0   6   1 32
   0   0   0   0   0   0 
