
  32    4
  10   10   10   10

   0   0   0   0   0   3 2 5 6 
   8   1   0   1   1   3 16 12 3 
   1   0   1   5   7   2 20 4 
   6   5   3   5   0   4 31 30 14 7 
   5   0   4   6   2   3 30 14 7 
   1   2   6   0   5   2 30 7 
   6   0   3   5   5   3 29 19 8 
   5   8   0   2   2   3 27 18 9 
   3   5   0   3   5   3 28 26 10 
   1   0   4   6   5   2 23 11 
   4   5   3   0   4   3 25 24 13 
   4   3   0   4   5   3 31 27 17 
  10   4   3   7   0   1 15 
   8   2   4   0   2   3 29 23 21 
   5   6   0   4   3   2 21 17 
   4   3   7   0   5   2 22 21 
   9   2   4   0   3   1 22 
   1   3   8   0   2   1 23 
   3   3   0   4   7   1 21 
   3   3   3   4   0   1 26 
   5   2   0   1   2   1 32
   8   9   3   5   0   1 32
   8   4   2   0   5   1 32
   2   2   0   4   7   1 32
   7   6   0   4   4   1 32
   4   2   0   5   2   1 32
   9   3   0   3   3   1 32
   9   6   2   0   6   1 32
   8   6   3   5   0   1 32
   4   6   9   2   0   1 32
   8   3   0   3   4   1 32
   0   0   0   0   0   0 
