
  32    4
  10   10   10   10

   0   0   0   0   0   4 2 3 4 6 
   1   1   0   1   1   3 9 7 5 
  10   6   1   7   0   2 7 5 
   6   3   3   6   0   3 12 9 8 
   1   3   6   0   4   3 12 10 8 
   8   5   3   0   1   3 12 10 8 
   7   4   4   0   5   3 12 11 10 
   3   4   5   6   0   2 13 11 
   8   0   3   4   6   2 17 10 
   1   3   0   2   4   3 20 15 14 
   1   4   2   0   4   4 20 19 17 15 
   5   8   6   2   0   4 19 18 17 15 
   1   7   6   1   0   2 15 14 
   8   2   8   4   0   3 19 18 16 
   5   4   2   2   0   1 16 
   7   5   3   2   0   3 27 23 22 
   8   4   0   5   7   3 31 23 21 
  10   3   0   8   5   2 22 21 
   2   6   0   2   7   3 31 24 21 
   7   4   3   6   0   3 31 24 21 
   1   6   4   7   0   4 30 27 26 25 
   9   2   5   1   0   4 31 26 25 24 
   9   3   0   4   5   3 30 29 24 
   7   0   2   2   5   1 28 
   5   3   4   0   2   1 29 
   5   3   5   4   0   1 28 
   2   4   5   0   2   1 28 
   3   2   5   6   0   1 32
   5   2   0   2   3   1 32
   2   5   0   6   3   1 32
   9   6   3   6   0   1 32
   0   0   0   0   0   0 
