
  32    4
  10   10   10   10

   0   0   0   0   0  14 2 3 4 5 9 10 11 12 15 16 17 29 30 31 
  10   1   1   0   1   6 28 27 13 8 7 6 
   8   0   2   1   3   6 26 25 22 20 7 6 
   5   4   4   4   0   5 23 22 20 14 6 
   7   0   8   2   8   4 22 20 14 13 
  10   3   4   0   4   3 24 21 18 
   7   5   3   4   0   3 23 19 18 
   9   6   4   3   0   3 25 20 18 
   4   0   7   6   2   3 24 23 18 
   8   0   3   8   3   2 22 21 
   2   0   3   6   2   2 22 19 
   5   2   3   0   9   2 20 18 
  10   0   4   4   5   1 19 
   6   4   0   4   6   1 18 
   8   8   6   7   0   1 26 
  10   4   0   4   4   1 21 
   1   5   6   2   0   1 19 
   8   6   0   8   3   1 32
  10   4   4   0   2   1 32
   2   0   4   5   2   1 32
   6   1   3   4   0   1 32
   2   0   2   4   2   1 32
   7   0   1   3   1   1 32
   9   4   2   0   7   1 32
   3   2   3   0   4   1 32
   1   2   0   5   4   1 32
   5   2   0   2   5   1 32
   8   7   5   0   6   1 32
   1   6   6   1   0   1 32
   2   0   5   2   6   1 32
   5   0   7   3   3   1 32
   0   0   0   0   0   0 
