
  32    4
  10   10   10   10

   0   0   0   0   0   1 2 
   8   0   1   1   1   1 3 
   5   0   5   8   2   1 4 
   8   1   0   6   3   1 5 
  10   0   5   5   6   1 6 
   6   0   6   4   6   1 7 
   9   0   4   6   7   1 8 
   4   3   7   0   4   1 9 
  10   7   2   3   0   1 10 
   2   6   0   3   3   1 11 
  10   5   3   0   3   1 12 
   6   2   3   5   0   1 13 
  10   5   2   0   4   1 14 
   2   0   5   4   3   2 18 15 
   2   0   7   3   2   1 16 
   9   4   2   0   9   1 17 
   2   0   5   5   5   1 19 
   2   4   3   2   0   1 19 
   1   6   4   6   0   1 20 
   7   0   5   2   5   2 26 21 
   3   1   2   0   5   1 22 
   3   0   5   3   1   1 23 
   4   4   0   6   2   1 24 
   6   3   0   2   4   1 25 
   3   5   2   2   0   1 27 
   8   0   7   7   4   1 27 
   2   0   4   2   7   1 28 
   8   5   4   3   0   2 31 29 
   3   6   3   0   1   1 30 
   9   2   4   0   5   1 32
   8   3   0   4   4   1 32
   0   0   0   0   0   0 
