
  32    4
  10   10   10   10

   0   0   0   0   0   3 2 4 6 
   6   0   1   1   1   2 9 3 
   5   0   3  10   3   3 11 8 5 
   5   1   2   8   0   2 8 5 
   2   4   3   3   0   2 31 7 
   3   4   1   5   0   2 31 7 
   1   4   4   3   0   3 17 15 10 
   5   0   1   2   2   5 31 20 18 15 13 
   1   6   4   2   0   4 20 18 17 13 
   6   2   4   0   4   3 20 18 12 
   6   4   3   3   0   4 20 19 17 13 
   6   0   8   4   4   1 13 
   5   3   6   1   0   3 30 27 14 
   3   0   5   3   8   2 29 16 
   9   0   4   7   3   3 28 23 21 
   1   2   3   1   0   3 28 22 21 
   9   3   0   3   1   3 30 27 21 
   9   0   4   3   4   2 29 19 
   2   2   6   0   5   3 27 26 24 
   7   6   0   4   5   1 21 
   8   4   4   0   2   2 26 24 
   4   8   2   7   0   2 26 25 
   6   4   0   3   4   2 27 25 
   5   4   0   3   7   1 25 
   5   4   4   0   7   1 32
   8   0   2   3   3   1 32
   5   0   5   5   4   1 32
   1   0   7   8   6   1 32
  10   0   7   3   5   1 32
   5   7   0   2   2   1 32
   8   0   7   7   4   1 32
   0   0   0   0   0   0 
