
  32    4
  10   10   10   10

   0   0   0   0   0  13 2 3 4 5 6 7 11 12 27 28 29 30 31 
   2   1   1   0   1   8 26 20 19 17 16 15 14 10 
   9   6   2   0   3   7 23 22 21 19 18 16 15 
   7   0   4   1   4   7 25 23 22 19 16 14 13 
   2   6   0   3   6   5 24 21 18 13 8 
   4   0   4   5   7   3 20 13 9 
   2   0   2   5   6   3 18 15 14 
  10   3   6   0   5   2 15 14 
   7   3   6   0   4   1 17 
   9   0   4   2   3   1 13 
   1   5   4   4   0   1 16 
  10   2   2   0   3   1 17 
  10   6   5   5   0   1 32
   8   5   8   4   0   1 32
   4   5   2   3   0   1 32
   2   2   0   3   2   1 32
   6   0   5   4   4   1 32
   2   0   4   4   9   1 32
   9   0   4   6   2   1 32
   3   3   4   6   0   1 32
   6   6   3   4   0   1 32
  10   3   6   0   6   1 32
   4   2   5   6   0   1 32
   6   1   0   3   7   1 32
   6   9   3   4   0   1 32
   8   0   5   5   4   1 32
   2   5   3   1   0   1 32
   8   0   3   5   2   1 32
   9   0   5   6   3   1 32
   2   3   0   3   2   1 32
   5   4   0   4   1   1 32
   0   0   0   0   0   0 
