
  32    4
  10   10   10   10

   0   0   0   0   0   3 2 3 15 
   9   1   1   0   1   2 21 4 
   4   2   4   0   2   2 21 4 
   5   5   3   1   0   2 8 5 
   1   6   4   0   6   2 11 6 
   6   5   0   1   7   2 26 7 
   9   0   5   3   6   2 17 9 
   4   3   3   0   3   2 11 10 
   3   4   3   0   6   1 10 
   3   3   0   1   5   3 25 16 12 
   2   5   4   3   0   3 25 22 13 
   4   4   0   1   2   2 22 13 
   9   0   7   3   3   1 14 
   6   2   3   0   9   2 31 18 
   8   0   2   7   4   2 31 18 
   4   0   3   6   6   2 31 19 
   9   6   5   0   4   4 31 30 24 20 
   3   5   0   6   4   1 19 
   8   4   7   0   1   3 30 24 20 
   2   1   6   3   0   3 29 27 23 
  10   5   0   3   4   2 27 23 
   9   0   3   6   2   1 23 
   8   7   4   0   6   1 28 
   9   5   2   5   0   1 27 
   3   3   1   4   0   1 31 
   7   4   3   0   4   1 27 
   5   2   6   6   0   1 32
   2   5   5   0   2   1 32
   9   3   7   6   0   1 32
  10   6   0   7   1   1 32
   5   0   5   4   4   1 32
   0   0   0   0   0   0 
