
  32    4
  10   10   10   10

   0   0   0   0   0   1 2 
   1   1   0   1   1   2 6 3 
   1   0   1   4   4   1 4 
   2   0   2   2   3   3 13 10 5 
  10   0   6   5   2   1 7 
   4   3   0   6   4   1 7 
   1   5   0   4   3   2 18 8 
   3   6   2   0   5   1 9 
   8   0   3   1   2   2 16 11 
   3   5   0   6   3   3 21 18 14 
   1   0   6   2   6   1 12 
   9   4   6   6   0   2 21 14 
   6   4   2   0   4   2 21 17 
   7   0   6   6   2   1 15 
  10   0   9   5   8   1 17 
   2   5   2   0   2   1 17 
   2   6   3   6   0   2 24 19 
   9   0   2   5   4   2 24 22 
   5   2   5   0   9   1 20 
   6   0   2   2   4   2 31 22 
   6   5   8   0   2   2 31 23 
   4   3   2   0   3   1 23 
   3   3   0   2   6   2 28 25 
   9   0   6   5   3   2 31 27 
   7   4   4   0   4   1 26 
   4   6   0   3   5   1 27 
   7   0   3   6   6   1 29 
   2   3   5   5   0   1 29 
   3   0   2   4   3   1 30 
   8   3   4   0   4   1 32
   1   0   5   2   6   1 32
   0   0   0   0   0   0 
