
  32    4
  10   10   10   10

   0   0   0   0   0   4 2 3 5 8 
   9   1   0   1   1   2 6 4 
   8   5   1   0   5   3 14 9 7 
   8   2   0   6   6   3 14 10 7 
   8   4   5   0   3   2 11 6 
   7   3   0   1   3   3 14 12 10 
   1   4   0   4   5   2 12 11 
   4   0   3   3   3   2 12 10 
   9   2   4   0   6   2 18 10 
   1   5   1   0   6   2 19 13 
   9   3   0   5   5   2 18 13 
   1   3   6   3   0   4 20 19 18 15 
   2   5   5   3   0   3 20 17 16 
   2   5   0   4   6   2 18 15 
  10   4   2   3   0   5 31 30 25 23 22 
   2   7   7   0   4   4 31 29 23 21 
   8   2   0   4   2   3 31 22 21 
   2   5   5   0   4   3 29 23 21 
   3   5   6   0   2   4 31 26 25 22 
   8   0   8   3   5   5 31 30 29 25 24 
   1   0   3   5   6   4 30 26 25 24 
   3   6   0   3   4   2 29 24 
  10   0   2   6   3   2 28 26 
   3   2   0   6   2   1 28 
   9   5   0   5   1   1 27 
   7   0   3   4   5   1 27 
   6   4   4   0   3   1 32
   7   7   5   5   0   1 32
   9   2   4   0   5   1 32
   7   5   0   5   3   1 32
   4   0   2   5   6   1 32
   0   0   0   0   0   0 
