
  32    4
  10   10   10   10

   0   0   0   0   0   5 2 4 6 8 11 
   1   1   0   1   1   2 15 3 
   1   2   1   1   0   2 9 5 
  10   3   6   0   5   3 15 9 7 
   3   2   8   5   0   4 31 17 12 10 
   5   4   7   0   4   4 16 15 13 9 
   2   4   4   0   2   4 31 28 14 12 
  10   4   3   5   0   2 13 9 
   9   6   0   6   7   4 22 19 17 14 
  10   0   4   3   3   2 16 13 
   3   8   0   4   4   1 13 
   6   5   4   0   5   6 30 29 22 19 18 16 
   7   6   1   0   4   3 28 22 14 
   3   1   0   4   4   6 30 29 26 24 20 18 
   1   6   4   0   6   4 28 26 25 24 
   5   1   0   3   3   3 26 24 23 
   9   4   1   0   5   3 28 24 23 
   8   4   0  10   4   2 23 21 
   4   0   4   3   6   1 20 
   8   3   0   3   4   2 27 23 
   1   0   4   4   2   1 25 
   1   3   4   0   2   1 24 
   1   6   3   0   4   1 32
   2   3   0   2   5   1 32
  10   0   5   5   2   1 32
   4   4   5   5   0   1 32
   5   5   5   4   0   1 32
  10   5   0   7   2   1 32
   6   4   0   5   4   1 32
   4   0   4   2   8   1 32
   1   6   3   2   0   1 32
   0   0   0   0   0   0 
