
  32    4
  10   10   10   10

   0   0   0   0   0   4 2 3 5 8 
   6   1   0   1   1   2 7 4 
   2   4   0   5   7   3 14 9 6 
   3   7   0   3   4   3 14 10 6 
   4   5   1   0   6   2 10 7 
   4   5   0   6   4   3 17 13 11 
   5   2   6   3   0   3 14 13 12 
   8   5   3   4   0   3 17 13 10 
   5   0   3   2   3   2 19 10 
   9   5   4   0   2   2 18 12 
   8   2   6   0   6   2 19 12 
   2   7   2   2   0   3 20 16 15 
   2   3   0   5   5   3 20 19 18 
   3   4   0   3   6   3 22 19 17 
  10   5   0   4   7   5 30 29 24 23 21 
   8   4   8   3   0   3 30 22 21 
   7   0   3   1   4   5 30 29 25 24 23 
   8   1   0   6   3   4 30 26 25 22 
   4   5   7   0   3   3 29 24 21 
  10   3   4   5   0   5 31 30 29 25 24 
   3   6   3   6   0   4 31 27 26 25 
   2   4   3   0   5   2 29 24 
   2   3   0   5   4   2 27 26 
   5   6   3   0   2   1 27 
   5   0   1   3   1   1 28 
   2   0   3   3   8   1 28 
   1   3   6   0   2   1 32
  10   0   6   6   2   1 32
  10   0   3   6   1   1 32
   4   0   5   6   5   1 32
   3   2   0   4   5   1 32
   0   0   0   0   0   0 
