
  32    4
  10   10   10   10

   0   0   0   0   0   3 2 4 5 
   6   1   1   1   0   2 10 3 
   8   6   5   3   0   3 9 8 6 
   9   9   0   4   1   2 8 6 
   1   1   0   5   4   1 6 
   8   2   0   5   9   2 31 7 
   7   2   5   0   4   3 15 13 11 
   7   7   0   2   2   3 31 13 11 
   9   3   0   4   2   6 31 21 20 18 15 12 
   8   8   3   3   0   2 15 11 
   4   6   2   0   5   4 21 20 18 12 
   3   7   0   4   4   1 14 
   7   4   7   0   6   5 30 23 22 21 19 
   8   0   4   6   4   3 30 28 16 
   5   0   3   3   5   5 30 28 27 23 22 
   3   3   3   5   0   1 17 
   4   3   5   0   6   4 29 27 23 22 
   4   1   5   9   0   1 19 
   4   5   1   5   0   5 29 28 27 26 24 
   8   2   0   5   4   1 22 
   8   3   4   0   3   3 28 27 25 
   1   6   6   2   0   2 26 24 
   8   5   4   1   0   2 26 25 
   8   0   5   4   4   1 25 
   8   4   3   0   2   1 32
  10   3   6   3   0   1 32
   1   4   3   0   3   1 32
  10   3   0   3   4   1 32
  10   3   0   4   6   1 32
   3   0   6   8   2   1 32
   1   3   3   3   0   1 32
   0   0   0   0   0   0 
