
  32    4
  10   10   10   10

   0   0   0   0   0   3 2 3 12 
   2   1   0   1   1   2 20 4 
   9   0   1   5   6   2 20 4 
   4   4   9   4   0   2 8 5 
   8   3   0   3   3   2 11 6 
  10   0   3   3   6   2 21 7 
   5   6   6   5   0   2 18 9 
   9   0   2   2   3   2 11 10 
   3   3   0   5   1   1 10 
   7   2   0   5   6   3 26 17 13 
   7   0   5   3   3   2 26 13 
   1   5   3   0   9   4 23 21 17 16 
   1   6   0   5   5   2 23 14 
   4   4   2   4   0   1 15 
   3   4   0   6   7   1 16 
  10   3   0   1   3   2 31 19 
   6   3   5   7   0   2 31 19 
   4   4   0   6   3   2 31 19 
   5   0   2   3   4   3 30 25 22 
  10   1   3   0   3   3 30 25 22 
   7   4   5   4   0   4 30 29 25 24 
   7   3   4   0   3   3 29 28 24 
   2   6   3   3   0   1 24 
   5   3   0   6   3   1 27 
   3   6   2   6   0   1 28 
   7   8   7   2   0   1 31 
   4   3   3   0   3   1 32
   1   5   2   4   0   1 32
   6   6   7   0   4   1 32
   8   5   7   4   0   1 32
   5   2   3   3   0   1 32
   0   0   0   0   0   0 
