
  32    4
  10   10   10   10

   0   0   0   0   0   4 2 3 4 6 
   6   1   1   1   0   3 9 7 5 
   6   2   3   0   1   2 7 5 
   1   1   0   4   4   3 12 9 8 
   6   2   6   4   0   3 12 10 8 
   9   5   3   1   0   3 12 10 8 
  10   6   6   0   2   3 12 11 10 
   4   5   0   6   3   2 13 11 
   2   5   0   3   2   2 18 10 
   2   0   4   2   8   3 20 15 14 
   4   2   5   0   2   4 20 19 18 15 
   4   2   4   5   0   4 19 18 17 15 
   2   2   3   5   0   2 15 14 
  10   6   0   2   6   3 19 17 16 
   1   4   0   6   3   1 16 
   5   5   3   5   0   3 27 23 21 
   4   7   0   3   5   3 30 22 21 
  10   6   0   4   5   3 31 23 22 
   4   8   2   4   0   4 31 30 24 22 
   4   4   0   6   3   4 31 30 24 22 
   2   4   3   4   0   4 31 26 25 24 
   5   0   2   2   3   3 27 26 25 
   7   3   0   4   4   3 30 29 24 
   4   7   0   5   7   1 28 
   2   3   0   4   4   1 29 
   3   6   6   4   0   1 28 
   5   0  10   6   5   1 28 
   6   1   6   0   4   1 32
   2   7   0   2   3   1 32
   9   3   0   4   6   1 32
   4   1   1   8   0   1 32
   0   0   0   0   0   0 
