
  32    4
  10   10   10   10

   0   0   0   0   0   1 2 
   1   1   1   1   0   1 3 
   2   8   0   1   1   1 4 
   3   3   2   0   1   1 5 
   7   0   4   9   4   1 6 
  10   2   4   0   6   1 7 
   1   4   0   4   3   1 8 
   5   4   8   0   3   1 9 
   8   9   2   3   0   1 10 
  10   0   1   4   6   1 11 
  10   0   6   4   6   1 12 
   5   4   9   3   0   1 13 
   8   0   5   5   3   1 14 
   8   5   5   6   0   2 21 15 
   7   5   6   5   0   1 16 
   9   3   3   0   4   2 31 17 
   8   2   5   5   0   1 18 
   7   0   2   2   8   1 19 
   4   4   3   2   0   1 20 
   1   4   4   0   2   1 22 
   7   5   0   6   2   1 22 
   4   4   4   6   0   1 23 
   6   3   3   5   0   1 24 
   4   1   0   4   6   1 25 
   3   7   0   3   4   2 30 26 
  10   5   0   3   6   1 27 
   8   1   0   4   8   1 28 
   4   4   2   5   0   1 29 
   8   0   6   5   1   1 32
   5   0   4   2   3   1 32
   2   0   3   3   3   1 32
   0   0   0   0   0   0 
