
  32    4
  10   10   10   10

   0   0   0   0   0   3 2 7 20 
   7   1   0   1   1   1 3 
   7   0   1   7   5   1 4 
   5   3   8   0   4   1 5 
   2   3   4   0   5   2 11 6 
   3   4   4   3   0   1 8 
  10   3   4   5   0   1 8 
   1   6   2   0   2   1 9 
   5   0   5   4   5   2 24 10 
  10   8   0   4   3   1 12 
   8   4   2   0   4   1 12 
   6   5   3   4   0   1 13 
   8   3   0   6   5   1 14 
   6   0   6   4   3   2 23 15 
   4   3   5   2   0   1 16 
   5   3   4   5   0   1 17 
   3   3   8   4   0   1 18 
   7   2   6   6   0   1 19 
   2   3   0   6   2   1 21 
   3   3   0   3   2   1 21 
   4   5   2   0   7   1 22 
  10   3   4   3   0   2 31 25 
   1   0   2   2   4   2 31 25 
   8   2   0   6   5   1 25 
   4   7   3   0   4   1 26 
   8   2   1   0   7   1 27 
   1   7   4   0   5   1 28 
  10   2   6   2   0   1 29 
  10   6   4   0   1   1 30 
   4   8   0   2   4   1 32
   5   5   0   5   6   1 32
   0   0   0   0   0   0 
