
  32    4
  10   10   10   10

   0   0   0   0   0   3 2 13 24 
   3   1   1   3   0   1 3 
   3   3   2   0   1   2 21 4 
   5   1   5   0   3   1 5 
   9   1   0   4   2   3 31 11 6 
   5   6   2   0   4   1 7 
   2   5   0   2   5   3 30 12 8 
   1   7   3   0   4   2 14 9 
   4   0   8   4   3   3 19 17 10 
   3   5   0   3   5   2 29 15 
   4   5   3   5   0   2 17 16 
   5   2   0   3   7   1 14 
   7   5   1   0   3   1 14 
   9   4   0   6   3   2 19 18 
   3   3   0   3   3   1 16 
   3   9   0   5   2   1 18 
   8   0   3   4   2   1 18 
   2   0   3   5   8   1 20 
   1   0   3  10   6   1 20 
   4   4   0   6   2   1 22 
   6   5   6   4   0   1 22 
   1   4   5   3   0   1 23 
   8   3   3   0   3   1 25 
   6   1   4   1   0   1 25 
   4   4   9   1   0   2 28 26 
   9   7   4   0   3   1 27 
   9   0   6   6  10   1 32
   5   0   5   4   4   1 32
   8   0   5   3   3   1 32
   2   4   3   0   6   1 32
   7   3   0   3   4   1 32
   0   0   0   0   0   0 
