
  32    4
  10   10   10   10

   0   0   0   0   0   1 2 
   8   1   0   1   1   1 3 
   3   0   1   4   4   1 4 
   4   0   3   3   5   1 5 
  10   0   5   2   6   1 6 
   8   0   3   2   7   1 7 
   7   3   4   1   0   1 8 
   9   7   2   0   3   1 9 
  10   3   5   0   1   1 10 
   5   0   2   6   3   1 11 
   5   7   4   0   1   2 15 12 
   6   2   3   8   0   1 13 
   5   4   5   0   3   1 14 
   6   5   3   0   2   2 31 16 
   6   2   0   3   6   1 16 
   7   4   0   3   5   1 17 
   4   2   9   0   9   1 18 
   4   4   0   3   6   1 19 
   4   7   0   3   5   1 20 
   9   7   4   3   0   1 21 
   4   3   0   7   1   1 22 
   8   2   5   2   0   1 23 
   8   5   1   2   0   1 24 
   5   0   5   6   2   1 25 
   6   5   4   0   3   2 30 26 
   4   3   4   7   0   1 27 
   1   0   6   6   6   1 28 
  10   0   6   4   4   1 29 
   7   5   3   0   6   1 32
   7   3   4   0   3   1 32
   5   0   5   8   4   1 32
   0   0   0   0   0   0 
