
  32    4
  10   10   10   10

   0   0   0   0   0  12 2 4 5 6 8 9 10 12 13 15 16 22 
   7   1   1   0   1   5 29 28 20 11 3 
   9   4   5   1   0   6 31 30 27 21 17 7 
   2   5   0   4   5   6 27 26 23 21 18 17 
   8   5   0   6   4   5 28 26 25 19 18 
   6   0   5   5   3   5 29 26 25 20 18 
   1   0   4   4   4   4 26 25 19 14 
   8   5   7   0   4   4 28 21 20 17 
   8   5   6   3   0   3 31 26 14 
  10   5   0   4   4   4 29 27 24 23 
  10   5   2   0   2   3 25 24 19 
   3   6   2   2   0   3 30 28 20 
   2   3   3   4   0   3 27 26 23 
   8   0   2   5   6   2 23 18 
   9   5   0   3   2   2 26 18 
   9   5   5   0   3   2 25 19 
   2   0   4   1   2   2 25 24 
   5   2   7   0   6   1 24 
   2   0   6   3   5   1 23 
  10   0   2   3   5   1 23 
   1   0   3   5   5   1 24 
   7   2   0   3   5   1 25 
   7   0   2   7   4   1 32
  10   5   0   3   6   1 32
   7   2   3   0   6   1 32
   1   3   5   4   0   1 32
   7   6   0   5   4   1 32
   7   3   2   5   0   1 32
   6   0   8   5   2   1 32
   7   3   5   7   0   1 32
   2   4   3   0   4   1 32
   0   0   0   0   0   0 
