
  32    4
  10   10   10   10

   0   0   0   0   0  16 2 3 4 5 6 7 9 10 11 12 13 15 16 17 18 31 
   9   1   1   1   0   8 30 27 24 23 22 21 14 8 
  10   0   3   6   1   6 29 27 26 24 23 22 
   1   4   0   5   4   5 28 27 26 23 20 
  10   0   4   7   6   4 25 22 21 20 
  10   2   0   3   5   3 24 21 20 
   5   3   0   4   6   3 25 21 20 
   9   5   0   2   6   2 25 20 
   9   4   6   9   0   2 29 19 
   9   0   3   4   4   2 24 19 
   1   6   7   0   4   2 28 21 
   5   4   7   2   0   2 26 20 
   1   2   5   0   4   2 23 19 
   6   3   4   0   5   1 19 
   4   2   3   2   0   1 22 
   9   2   2   0   6   1 19 
   6  10   0   3   4   1 19 
   5   0   4   3   2   1 19 
  10   0   5   5   5   1 32
   9   5   5   0   5   1 32
   8   4   0   3   3   1 32
   2   0   4   8   2   1 32
   6   0   3   2   2   1 32
   6   3   2   0  10   1 32
   2   7   6   0   3   1 32
  10   1   3   0   2   1 32
   4   0   4   5   4   1 32
   5   5   0   3   2   1 32
   7   6   3   0   3   1 32
   3   5   0   2   3   1 32
   5   0   4   5   3   1 32
   0   0   0   0   0   0 
