
  32    4
  10   10   10   10

   0   0   0   0   0   5 2 4 10 15 31 
   2   0   1   1   1   1 3 
   2   1   0   8   6   4 14 12 11 5 
   4   2   4   0   2   4 14 12 11 7 
   3   3   0   5   4   4 30 28 18 6 
   8   3   2   2   0   3 29 17 8 
  10   4   0   2   6   4 30 28 27 9 
   7   0   5   6   4   2 27 9 
   1   4   0   3   3   5 26 23 22 21 13 
   2   5   0   3   3   1 11 
   2   2   6   0   4   4 25 23 20 18 
   5   0   6   5   4   3 29 28 17 
   5   7   3   0   8   2 20 16 
   3   3   6   0   1   2 25 20 
   5   3   2   5   0   1 19 
   1   5   5   0   2   1 24 
   5   7   2   4   0   1 22 
   9   4   0   1   4   1 21 
   9   5   5   0   6   1 25 
   2   0   2   3   4   1 32
   6   0   5   2   4   1 32
   2   2   3   0   5   1 32
   7   6   6   0   5   1 32
   2   5   0   3   4   1 32
   9   7   5   0   7   1 32
   7   0   5   3   2   1 32
   7   3   7   0   3   1 32
   6   5   0   5   3   1 32
   2   0   1   5   5   1 32
   1   2   3   6   0   1 32
   1   0   4   8   4   1 32
   0   0   0   0   0   0 
