
  32    4
  10   10   10   10

   0   0   0   0   0   3 2 4 6 
  10   1   1   0   1   2 10 3 
   1   2   2   1   0   3 11 8 5 
   1   7   5   5   0   2 8 5 
   3   5   0   4   4   2 31 7 
   2   5   4   6   0   2 31 7 
  10   2   2   0   4   3 18 15 9 
   4   3   4   3   0   5 31 20 17 15 13 
   6   3   0   4   4   3 20 17 12 
   9   4   0   3   3   3 20 17 13 
   5   5   0   4   5   4 20 19 18 14 
   3   4   4   0   4   1 13 
   1   3   5   6   0   3 30 27 14 
   9   0   5   2   5   2 29 16 
   7   5   2   3   0   3 28 22 21 
   9   3   6   5   0   3 28 24 21 
  10   0   5   3   6   2 29 19 
   5   6   6   2   0   4 30 27 26 23 
   3   0   2   4   3   3 27 26 23 
   8   2   0   6   4   1 21 
   9   0   5   4   4   2 26 23 
   8   0   5   4   6   2 27 25 
   1   3   0   7   4   1 25 
   7   4   4   4   0   1 26 
   6   0   2   2   4   1 32
   9   4   0   4   5   1 32
   9   0   4   3   3   1 32
   2   0   4   6   5   1 32
  10   0   6   5   2   1 32
   7   6   6   0   4   1 32
  10   7   3   4   0   1 32
   0   0   0   0   0   0 
