
  32    4
  10   10   10   10

   0   0   0   0   0   2 2 3 
   7   1   1   0   2   2 5 4 
  10   0   2   1   2   2 6 5 
  10   6   0   2   6   2 18 6 
   2   0   9   3   4   2 18 7 
   6   3   1   0   3   1 7 
   7   3   2   3   0   2 9 8 
   3   2   6   2   0   2 12 10 
   1   3   2   5   0   1 10 
   3   0   4   7   3   2 14 11 
   1   0   4   6   6   3 20 15 13 
   6   0   3   1   7   2 20 13 
   2   0   3   3   5   2 19 16 
   1   2   3   8   0   2 20 15 
   8   4   6   0   3   3 31 22 19 
   4   0   5   6   1   2 21 17 
   2   6   3   5   0   2 31 22 
   9   0   4   7   4   1 19 
   6   4   3   0   5   1 21 
   6   2   5   2   0   1 21 
   3   0   3   5   2   1 23 
   9   0   5   2   4   1 23 
   4   3   3   8   0   1 24 
   1   8   4   1   0   1 25 
   5   6   0   5   3   1 26 
   6   5   5   0   3   1 27 
   9   3   0   3   2   2 30 28 
   8   5   6   3   0   1 29 
   3   4   0   4   5   1 32
   2   5   6   0  10   1 32
   3   5   6   0   4   1 32
   0   0   0   0   0   0 
