
  32    4
  10   10   10   10

   0   0   0   0   0   5 2 4 10 11 13 
   8   2   1   1   0   1 3 
   8   0   7   3   1   4 17 14 12 5 
   9   0   3   5   3   5 21 17 14 12 6 
   4   5   3   2   0   3 31 15 7 
  10   0   5   1   3   7 31 30 29 20 19 15 9 
   3   5   4   0   2   4 29 20 19 8 
   7   5   2   4   0   2 30 9 
   9   3   0   4   3   5 27 25 24 23 16 
   7   5   4   0   2   5 27 25 24 23 16 
   8   0   3   6   5   3 24 17 14 
   8   3   0   3   4   5 29 27 23 20 19 
   8   2   0   3   5   4 25 23 22 21 
   3   0   2   6   3   2 28 15 
   5   6   2   0   5   3 25 23 22 
   9   7   4   3   0   2 22 18 
   1   2   0   2   5   2 28 22 
   9   3   3   0   4   1 26 
   1   1   8   0   9   1 24 
   5   3   4   4   0   1 24 
   6   0   5   2   3   1 28 
   5   5   4   0   5   1 32
   9   2   6   8   0   1 32
   8   2   3   3   0   1 32
   7   0   5   3   8   1 32
   4   5   6   4   0   1 32
   1  10   0   4   5   1 32
   5   2   0   6   4   1 32
   8   0   2   7   3   1 32
   2   4   0   8   4   1 32
   8   6   6   0   2   1 32
   0   0   0   0   0   0 
