
  32    4
  10   10   10   10

   0   0   0   0   0   3 2 4 6 
   8   1   0   1   1   3 14 11 3 
   6   5   0   8   6   2 13 5 
   6   4   0   5   5   1 5 
   8   5   1   0   1   3 31 30 7 
   2   2   4   7   0   3 31 30 7 
   4   3   6   7   0   3 17 15 8 
   9   0   5   3   8   3 22 18 9 
   4   1   3   0   4   1 10 
   1   3   2   4   0   3 28 25 12 
   7   3   0   6   3   3 28 25 12 
   7   6   9   3   0   3 29 27 16 
   4   0   4   5   6   4 28 26 25 19 
   3   8   3   0   5   2 30 18 
   2   6   0   5   3   4 27 25 24 20 
   4   6   3   1   0   2 26 19 
   4   0   3   3   7   3 24 23 21 
   5   5   0   3   2   1 19 
   5   0   5   4   4   2 24 20 
   8   7   4   2   0   1 23 
  10   0   7   2   3   1 25 
   8   5   3   0   4   1 25 
   2   0   5   4   2   1 32
   2   5   5   0   2   1 32
   6   3   4   3   0   1 32
   4   2   3   3   0   1 32
   2   6   3   0   3   1 32
   9   2   3   0   5   1 32
   2   2   3   0   6   1 32
   5   0   5   2   4   1 32
   2   2   3   7   0   1 32
   0   0   0   0   0   0 
