
  32    4
  10   10   10   10

   0   0   0   0   0   7 2 26 27 28 29 30 31 
   9   1   1   1   0   1 3 
   7   0   3   7   1   1 4 
   6   4   5   0   4   2 25 5 
   5   4   0   4   5   1 6 
   4   3   3   2   0   2 24 7 
   6   9   5   0   2   2 23 8 
   4   3   4   0   4   1 9 
   2   0   4   2   5   1 10 
   4   4   4   0   4   1 11 
   8   7   3   0   3   1 12 
   9   8   3   2   0   1 13 
   2   0   1   3   2   1 14 
   9   4   6   0   3   1 15 
   6   0   4   5   3   1 16 
   8   2   4   3   0   1 17 
   5   0   6   9   6   1 18 
   9   5   6   0   8   1 19 
   1   4   0   5   2   1 20 
  10   2   0   5   3   1 21 
   1   0   2   5   4   1 22 
   1   2   1   2   0   1 32
   7   2   7   4   0   1 32
   9   5   5   0   6   1 32
   4   0   3   5   3   1 32
   1   3   6   0   7   1 32
   7   6   0   4   2   1 32
  10   0   7   4   3   1 32
   4   2   0   4   4   1 32
   9   0   4   3   7   1 32
   2   0   3   5   5   1 32
   0   0   0   0   0   0 
