
  32    4
  10   10   10   10

   0   0   0   0   0   1 2 
   1   0   1   2   1   2 6 3 
   4   0   5   3   4   1 4 
   7   0   2   2   4   2 12 5 
   2   0   4   4   2   2 10 7 
   6   0   3   3   3   1 7 
   3   1   4   6   0   1 8 
   2   4   0   2   5   2 19 9 
   9   0   7   7   6   2 15 11 
   5   3   0   7   6   2 19 13 
   4   0   3   1   6   1 13 
  10   0   3   1   1   2 16 15 
   3   5   0   4   4   1 14 
   8   0   4   5   3   2 22 16 
   5   6   0   4   1   2 22 17 
   5   4   0   2   3   1 17 
   6   5   2   5   0   1 18 
  10   2   4   0   6   2 24 20 
   2   2   0   2   4   2 24 20 
   6   6   2   3   0   1 21 
   9   3   4   0   1   1 23 
   5   0  10   8   7   1 23 
   2   0   5   2   4   2 26 25 
   9   8   6  10   0   2 27 26 
   8   0   2   5   7   1 27 
   8   0   5   3   3   2 30 29 
   6   3   0   4   4   1 28 
   3   0   4   5   9   1 29 
   1   3   0   3   2   1 31 
   1   7   5   4   0   1 31 
   7   2   3   5   0   1 32
   0   0   0   0   0   0 
