
  32    4
  10   10   10   10

   0   0   0   0   0   3 2 4 6 
   6   0   1   1   1   2 10 3 
  10   1   3   4   0   3 9 8 5 
   2   4   6   0   4   2 8 5 
   7   0   3   6   5   2 31 7 
   7   2  10   0   1   2 31 7 
   3   4   0   1   7   3 19 14 11 
   9   2   0   5   2   5 31 20 16 14 12 
   1   0   3   4   4   5 31 20 19 17 12 
   3   3   5   0   3   4 20 19 16 12 
   3   6   3   0   1   3 20 16 12 
   8   5   0   7   4   1 13 
   7   0   2   2   2   3 30 27 15 
   4   0   1   5   3   4 29 28 23 21 
   9   0   4   6   5   2 29 18 
   9   4   7   3   0   1 17 
   9   0   4   1   6   5 29 28 27 26 24 
   9   0   5   6   3   3 28 22 21 
  10   5   4   2   0   3 30 27 21 
   4   6   3   7   0   1 21 
   2   3   0   6   4   2 26 24 
   8   4   2   4   0   2 26 25 
   1   4   1   0   8   2 27 25 
   7   3   0   3   3   1 25 
   3   4   7   2   0   1 32
   6   3   0   5  10   1 32
   4   4   3   5   0   1 32
   6   7   0   4   4   1 32
   8   6   4   3   0   1 32
   4   0   5   5   6   1 32
   3   0   6   3   2   1 32
   0   0   0   0   0   0 
