
  32    4
  10   10   10   10

   0   0   0   0   0  14 2 3 4 5 6 8 10 11 26 27 28 29 30 31 
   7   1   1   1   0   9 25 24 22 18 17 15 14 13 12 
   1   4   7   4   0   7 21 20 19 17 16 15 13 
   7   5   2   0   1   6 22 21 20 17 13 12 
   4   5   5   4   0   4 23 19 16 7 
   7   3   0   4   3   2 18 9 
   3   2   5   0   5   2 15 12 
   6   2   3   7   0   2 16 12 
   2   0   3   5   4   1 14 
   7   2   0   5   4   1 13 
  10   5   0   6   2   1 14 
   6   5   0   2   4   1 32
   6   5   4   0   5   1 32
   9   0   5   3   3   1 32
   3   5   0   3   5   1 32
   2   3   5   4   0   1 32
   4   6   3   0   3   1 32
   4   0   4   2   5   1 32
   8   6   5   3   0   1 32
   9   5   3   2   0   1 32
   9   5   0   3   4   1 32
   1   2   3   5   0   1 32
   5   1   5   9   0   1 32
   3   7   5   0   2   1 32
   8   0   3   4   3   1 32
   6   3   4   0   7   1 32
   3   2   0   2   6   1 32
   2   5   5   5   0   1 32
   8   6   3   0   3   1 32
   2   0   5   5   5   1 32
   4   5   4   0   6   1 32
   0   0   0   0   0   0 
