
  32    4
  10   10   10   10

   0   0   0   0   0   3 2 4 31 
   1   1   0   1   1   2 30 3 
   2   0   1   4   6   2 28 5 
   3  10   8   4   0   4 29 27 26 7 
   9   4   0   4   2   1 6 
   2   2   0   6   2   3 27 26 7 
   4   5   0   4   4   1 8 
   6   6   0   3   4   3 25 24 9 
   9   2   0   4   4   2 23 10 
  10   3   4   4   0   1 11 
   2   0   5   5   3   2 22 12 
   8   6   2   0   4   1 13 
   2   3   6   0   4   2 21 14 
   3   4   2   0   3   4 20 19 18 15 
   5   3   6   0   5   1 16 
   9   2   1   3   0   1 17 
   4   4   5   2   0   1 32
   1   0   3   5   3   1 32
   9   5   0   3   3   1 32
   3   5   5   5   0   1 32
   5   3   6   3   0   1 32
   2   5   5   0   2   1 32
   5   5   5   0   8   1 32
   2   5   5   5   0   1 32
   6   0   4   5   4   1 32
   6   2   4   0   9   1 32
   6   0   3   7   4   1 32
   1   5   0   2   4   1 32
   9   2   2   0   3   1 32
  10   0   3   6   7   1 32
   8   0   3   3   3   1 32
   0   0   0   0   0   0 
