
  32    4
  10   10   10   10

   0   0   0   0   0   2 2 9 
   3   1   0   1   1   1 3 
   1   4   0   4   9   1 4 
   3   4   0   5   5   1 5 
   6   2   1   4   0   1 6 
   5   0   2   3   5   1 7 
   6  10   4   0   2   1 8 
   6   5   7   6   0   1 10 
   3   4   3   3   0   1 10 
   9   4   0   4   4   1 11 
   2   5   0   3   4   1 12 
   8   2   0   3   2   1 13 
   7   4   4   2   0   1 14 
   7   4   3   6   0   1 15 
   5   3   3   4   0   1 16 
   7   0   7   3   4   1 17 
   2   2   0   2   7   2 21 18 
   4   4   5   3   0   1 19 
   4   4   3   0   3   1 20 
   9   0   3   4   5   2 25 22 
   1   4   3   0   5   3 28 25 23 
   5   6   4   3   0   2 28 23 
   1   2   3   0   3   2 26 24 
   3   1   3   7   0   2 31 27 
   6   0   6   4   5   1 27 
   2   4   0   8   5   2 31 30 
   9   6   8   0   3   1 29 
  10   0   5   3   2   1 29 
   4   7   0   7   2   1 30 
   6   0   2   4   4   1 32
   7   4   5   4   0   1 32
   0   0   0   0   0   0 
