
  32    4
  10   10   10   10

   0   0   0   0   0   3 2 3 24 
   5   0   1   1   1   2 31 4 
  10   1   7   1   0   2 31 4 
   4   2   4   2   0   2 8 5 
   5   0   3   7   2   2 12 6 
  10   7   0   6   4   2 30 7 
  10   5   3   0   6   2 18 9 
   2   5   5   0   3   2 12 10 
   9   3   6   0   2   1 10 
  10   4   5   0   5   3 23 15 11 
   7   4   5   5   0   2 20 13 
   1   0   5   3   4   2 23 13 
   8   4   3   0   4   1 14 
   4   2   0   2   6   2 29 16 
   8   2   6   4   0   2 29 17 
   2   2   0   6   4   1 17 
   6   6   2   0   4   3 28 22 19 
   5   0   2   8   1   4 28 27 26 21 
  10   0   3   8   4   3 27 26 21 
   4   2   0   1   4   1 21 
   6   2   2   3   0   1 25 
   3   9   0   6   7   1 27 
   3   4   3   0   5   1 29 
   5   5   7   0   5   1 26 
   4   6   0   7   4   1 32
   7   0   3   2   4   1 32
   3   0   4   2   2   1 32
   9   7   4   5   0   1 32
  10   2   5   4   0   1 32
   9   0   4   3   6   1 32
   9   4   0   2   5   1 32
   0   0   0   0   0   0 
