
  32    4
  10   10   10   10

   0   0   0   0   0   3 2 13 31 
  10   0   1   1   1   2 30 3 
   2   1   0   6   6   2 28 4 
   6   5   7   4   0   1 5 
   8   5   0   3   3   3 27 25 6 
   6   0   3   5   3   2 26 7 
   4   0   6   5   4   3 24 23 8 
   2   4   1   3   0   1 9 
   9   4   5   0   8   2 22 10 
   2   4   6   8   0   1 11 
   5   3   0   6   4   1 12 
   8   3   0   3   2   2 21 14 
   8   1   4   4   0   5 29 25 23 18 15 
   7   7   0   3   3   4 20 19 18 15 
   1   0   2   6   7   1 16 
   3   4   6   3   0   1 17 
   7   0   2   4   4   1 32
   6   2   3   0   3   1 32
   1   4   0   3   8   1 32
   1   5   0   1   2   1 32
   8   4   0   4   4   1 32
   9   0   5   5   5   1 32
   6   0   3   4   5   1 32
   6   5   5   2   0   1 32
  10   0   5   2   3   1 32
   1   0   2   6   6   1 32
   1   0   3   3   3   1 32
   4   0   1   5   2   1 32
  10   0   7   4   3   1 32
   2   7   5   3   0   1 32
   5   0   6   6   3   1 32
   0   0   0   0   0   0 
