
  32    4
  10   10   10   10

   0   0   0   0   0   1 2 
   8   1   1   0   1   2 5 3 
   7   2   0   1   1   1 4 
   5   4   7   0   5   1 6 
   5   0   3   5   5   1 6 
   3   4   6   0   7   1 7 
   5   4   0   2   5   3 11 10 8 
   3   5   0   3   5   1 9 
   5   6   0   3   4   2 13 12 
   3   6   0   3   2   2 14 13 
   6   3   0   4   5   2 14 13 
   5   0   2   6   4   2 17 14 
   9   0   8   4   7   2 17 15 
   2   3   0   3   4   1 15 
   2   4   1   1   0   1 16 
   7   0   4   6   7   2 20 18 
   2   4   0   4   3   2 20 18 
   1   5   0   7   1   1 19 
   5   3   4   0   3   1 21 
   2   7   0   5   4   1 21 
   3   5   0   7   4   2 24 22 
   9   4   3   0   3   1 23 
   1   0   3   4   2   2 27 25 
   2   0   3   3   5   2 27 25 
   9   5   4   3   0   2 28 26 
   5   0   4   4   3   1 29 
   8   0   8   3   5   1 28 
   1   2   4   4   0   1 30 
   2   4   3   0   7   1 30 
   8   1   4   0   2   1 31 
   5   6   4   7   0   1 32
   0   0   0   0   0   0 
