
  32    4
  10   10   10   10

   0   0   0   0   0   3 2 4 5 
   7   1   1   0   1   2 10 3 
   7   5   5   1   0   3 9 7 6 
   6   2   3   4   0   3 9 7 6 
   1   3   6   0   4   2 9 6 
   5   8   5   0   6   2 31 8 
  10   4   4   0   2   2 31 8 
   3   6   2   3   0   2 13 11 
   5   5   0   6   4   4 31 17 16 12 
   1   6   3   3   0   1 11 
   9   3   2   2   0   3 17 16 12 
   3   6   6   0   2   2 20 14 
   9   2   0   2   4   3 21 19 18 
   4   0   6   7   4   1 15 
   6   3   6   0   3   3 30 28 19 
   3   2   4   5   0   5 30 29 28 23 22 
   1   2   3   0   3   2 21 18 
   6   2   0   4   6   6 30 29 28 27 26 24 
   4   5   0   5   3   3 29 23 22 
   9   0   3   6   3   2 28 22 
   3   0   5   5   4   4 28 27 26 24 
  10   7   6   0   4   3 27 26 24 
   4   5   3   0   6   2 26 25 
   5   4   5   5   0   1 25 
   8   0   6   4   7   1 32
   3   5   6   0   2   1 32
   5   0   5   4   6   1 32
   1   5   2   4   0   1 32
  10   1   1   0   6   1 32
   1   4   2   2   0   1 32
   4   4   4   4   0   1 32
   0   0   0   0   0   0 
