
  32    4
  10   10   10   10

   0   0   0   0   0  11 2 3 4 5 6 8 9 15 16 30 31 
  10   1   0   2   1   9 29 28 27 26 25 23 20 17 7 
   8   0   1   4   3  12 29 27 26 25 24 22 21 20 19 18 17 10 
   4   5   0   2   6   8 22 21 20 14 13 12 11 10 
   4   2   0   2   8   9 28 26 25 24 22 20 19 18 10 
   8   0   4   6   6   5 21 20 19 17 11 
   8   0   5   3   1   5 24 22 21 19 18 
   3   2   6   0   2   4 22 21 20 12 
   5   4   5   4   0   2 23 17 
  10   6   0   4   4   1 23 
   5   5   3   0   5   1 18 
   2   3   4   2   0   1 17 
  10   4   3   3   0   1 19 
   7   5   0   6   6   1 17 
   7   6   5   0   6   1 18 
   1   6   5  10   0   1 17 
  10   5   4   0   2   1 32
   5   4   6   0   7   1 32
   8   5   1   0   8   1 32
   2   3   4   0   3   1 32
  10   2   0   4   4   1 32
   4   6   0   3   4   1 32
   6   4   5   5   0   1 32
   3   0   5   3   2   1 32
   4   3   0   4   3   1 32
   2   0   4   4   2   1 32
   9   0   4   4   4   1 32
   8   3   4   0   4   1 32
   3   2   0   5   2   1 32
   9   5   2   0   4   1 32
   8   5   4   0   3   1 32
   0   0   0   0   0   0 
