
  32    4
  10   10   10   10

   0   0   0   0   0   5 2 4 8 9 10 
   6   1   0   1   1   2 21 3 
   3   2   1   0   3   2 11 5 
   9   3   6   0   5   3 21 11 6 
   3   0   6   4   3   3 31 13 7 
   9   6   3   5   0   5 31 30 29 14 13 
   1   1   4   0   4   3 29 20 12 
   1   1   1   0   4   9 30 28 27 24 21 20 18 17 15 
  10   5   0   4   5   2 19 11 
   4   5   3   5   0   2 29 12 
   5   7   4   4   0   7 30 28 27 24 18 17 15 
   5   6   0   7   2   3 30 18 14 
   8   0   1   4   5   6 28 27 20 19 18 15 
   2   4   0   5   5   6 28 27 26 25 23 16 
   1   0   5   3   1   3 26 25 22 
   7   0   4   3   5   2 22 19 
   4   0   8   5   4   2 29 22 
   4   5   0   3   5   1 23 
   3   0   4   4   3   1 24 
   5   5   0   2   4   1 23 
   8   0   3   3   6   1 29 
   5   0   4   5   8   1 32
   4   5   0   3   5   1 32
   9   3   6   0   2   1 32
   4   0   3   5   3   1 32
   7   3   0   3   2   1 32
   9   3   2   6   0   1 32
   9   0   5   4   6   1 32
   1   0   6   5   2   1 32
   9   6   3   0   7   1 32
   9   5   6   3   0   1 32
   0   0   0   0   0   0 
