
  32    4
  10   10   10   10

   0   0   0   0   0   3 2 30 31 
   4   1   1   1   0   1 3 
  10   3   7   0   1   2 24 4 
   7   2   0  10   4   1 5 
   2   6   0   4   2   3 29 13 6 
  10   4   0   4   4   1 7 
   5   5   0   4   6   3 28 11 8 
  10   8   3   8   0   2 16 9 
   7   0   8   4   4   3 22 17 10 
   2   6   4   0   2   2 27 12 
   5   5   5   0   1   2 22 16 
   2   2   2   3   0   1 14 
   6   6   1   0   9   1 14 
   4   0   6   2   4   1 15 
   8   0   6   3   4   1 18 
   7   5   0   1   1   1 18 
   6   5   5   0   2   1 18 
   4   3   0   6   4   1 19 
  10   0   1   3   5   1 20 
   6   0   4   7   3   1 21 
   1   0   4   5   4   2 26 23 
   3   2   0   2   6   1 23 
   3   3   5   0   4   1 25 
   6   0   3   5   6   1 26 
   4   4   0   5   3   1 32
   2   7   4   3   0   1 32
   8   2   4   0   5   1 32
  10   2   4   0   4   1 32
   8   6   0   2   7   1 32
  10   4   3   2   0   1 32
   6   1   0   4   5   1 32
   0   0   0   0   0   0 
