
  32    4
  10   10   10   10

   0   0   0   0   0   1 2 
   9   1   1   0   1   1 3 
   4   0   5   1   3   2 31 4 
   4   5   5   6   0   1 5 
   5   4   4   0   5   2 30 6 
   6   0   8   7   9   1 7 
   8   3   3   0   5   1 8 
   6   6   0   3   2   1 9 
   5   3   5   3   0   1 10 
   7   0   4   4   3   1 11 
   1   3   4   0   4   1 12 
   7   3   4   0   2   1 13 
   4   6   2   0   4   1 14 
   7   1   1   0   6   1 15 
   3   5   0   5   4   1 16 
   7   0   8   3   3   1 17 
   4   0   3   3   4   1 18 
   7   2   0   4   2   1 19 
   3   4   0   4   5   1 20 
   4   4   5   0   3   2 29 21 
   5   1   4   0   5   1 22 
   3   0   6   5   5   1 23 
   5   5   4   4   0   1 24 
   9   2   4   0   4   1 25 
   6   7   0   5   3   1 26 
   3   0   3   5   5   1 27 
   7   8   3   3   0   1 28 
   6   4   4   3   0   1 32
   2   7   3   0   3   1 32
   6   3   2   0   3   1 32
   5   5   5   0   7   1 32
   0   0   0   0   0   0 
