
  32    4
  10   10   10   10

   0   0   0   0   0   1 2 
   5   1   1   1   0   1 3 
   1   0   5   5   1   1 4 
   6   4   0   4   2   1 5 
   7   0   2   6   7   1 6 
   7   4   3   0   4   1 7 
   4   5   0   2   2   1 8 
   7   0   6   3   5   1 9 
  10   4   3   1   0   2 31 10 
   7   0   4   3   5   1 11 
   2   7   4   0   4   2 30 12 
   5   0   3   4   7   1 13 
   4   5   6   0   2   1 14 
   6   0   5   5   4   1 15 
  10   5   5   5   0   1 16 
   7   2   0   4   5   1 17 
  10   4   2   0   2   1 18 
   5   0   5   5   3   1 19 
   3   2   4   0   4   1 20 
   6   0   5   7   2   1 21 
   3   0   4   6   6   1 22 
   7   5   1   0   7   1 23 
  10   0   3   3   4   2 29 24 
   7   0   6   5   6   1 25 
   1   4   0   5   4   1 26 
   2   4   3   0   3   1 27 
   9   6   5   0   5   1 28 
   3   5   4   5   0   1 32
   8   2   6   1   0   1 32
   7   4   5   4   0   1 32
   4   3   4   0   2   1 32
   0   0   0   0   0   0 
