
  32    4
  10   10   10   10

   0   0   0   0   0   3 2 3 8 
   8   1   1   1   0   2 13 4 
   3   6   0   5   1   2 13 4 
   8   0   5   3   4   2 9 5 
   4   3   6   6   0   2 10 6 
   9   2   3   0   2   1 7 
  10   4   0   4   5   3 17 14 11 
   8   3   4   4   0   2 13 10 
   7   0   6   6   5   1 10 
  10   0   4   4   5   2 17 12 
   7   3   5   0   5   1 12 
   2   3   4   5   0   3 22 19 15 
   4   4   5   0   2   2 17 15 
   9   3   0   5   7   2 22 16 
   7   3   0   4   6   1 16 
   2   0   6   3   2   2 24 18 
   9   4   0   3   3   2 22 18 
   2  10   3   5   0   1 20 
   9   4   0   9   2   1 20 
   1   0   6   1   4   1 21 
   3   7   7   0   5   2 26 23 
  10   4   2   0   5   2 26 23 
   5   0   4   5   3   5 31 30 29 27 25 
   7   3   0   3   2   2 27 25 
  10   0   3   5   5   1 28 
   3   0   4   3   4   1 27 
   4   1   0   2   6   1 32
   7   2   2   0   5   1 32
  10   9   1   0   4   1 32
   5   5   3   0   3   1 32
   5   0   4   2   5   1 32
   0   0   0   0   0   0 
