
  32    4
  10   10   10   10

   0   0   0   0   0   1 2 
   4   3   0   1   1   2 6 3 
   9   0   1   4   7   1 4 
   6   1   4   0   1   3 13 10 5 
   1   3   4   0   2   1 7 
   2   3   0   1   3   1 7 
  10   0   4   3   4   2 18 8 
   4   2   0   4   5   1 9 
   2   2   0   4   4   2 16 11 
   5   0   6   3   7   2 18 12 
   3  10   0   2   8   1 12 
   7   4   2   0   5   2 22 14 
   9   5   7   0   4   2 22 16 
   2   6   3   0   3   1 15 
   7   2   0   5   4   1 17 
   8   6   0   3   4   1 17 
   5   4   2   7   0   2 23 19 
   2   1   4   0   1   2 23 21 
   5   6   3   7   0   1 20 
   5   4   7   0   5   1 21 
   9   4   5   0   3   2 30 24 
   3   6   0   4   6   2 30 24 
   9   0   3   4   3   3 30 28 26 
  10   0   5   5   1   2 28 25 
  10   2   0   3   8   1 26 
   6   5   0   4   2   1 27 
   7   4   5   5   0   1 29 
   5   3   0   4   5   1 29 
   7   0   3   7   3   1 31 
   7   6   3   0   4   1 31 
  10   0   5   4   5   1 32
   0   0   0   0   0   0 
