
  32    4
  10   10   10   10

   0   0   0   0   0   2 2 3 
   4   0   1   1   1   2 5 4 
   5   1   0   2   5   2 6 5 
   2   3   0  10   2   2 13 6 
   8   4   1   3   0   2 13 7 
   8   1   8   2   0   1 7 
   6   4   5   0   4   2 9 8 
   8   0   4   4   5   2 12 10 
   3   5   0   5   6   1 10 
   7   3   0   7   6   2 15 11 
   6   5   7   3   0   2 16 14 
   3   4   2   0   5   2 20 14 
   5   0   3   6   8   2 19 15 
   3   3   0   2   4   2 18 17 
   9   0   3   9   8   1 16 
   6   0   3   3   3   3 28 20 18 
   1   4   0   4   2   2 21 19 
   8   4   7   4   0   2 22 21 
   1   5   8   0   5   2 28 22 
   1   7   6   3   0   1 21 
   1   0   1   2   3   1 23 
   8   3   0   4   2   1 23 
   4   0   3   4   6   1 24 
   9   7   0   2   2   1 25 
   9   0   5   3   2   1 26 
   9   0   3   5   5   1 27 
   9   0   4   5   4   2 31 29 
   8   0   2   4   2   2 31 30 
   8   6   4   0   4   1 30 
  10   3   3   3   0   1 32
   9   4   5   0   2   1 32
   0   0   0   0   0   0 
