
  32    4
  10   10   10   10

   0   0   0   0   0  12 2 3 4 5 6 8 9 14 15 16 30 31 
  10   1   1   1   0   8 27 26 25 24 21 20 17 7 
   8   6   0   3   1   9 27 26 25 24 23 21 19 18 10 
   5   4   4   5   0   9 29 28 26 25 24 22 19 17 10 
   3   6   3   0   7   7 23 22 21 18 13 11 10 
   8   4   6   4   0   4 21 19 17 12 
  10   0   4   3   5   4 23 22 19 18 
   2   3   7   0   4   4 23 22 21 17 
   6   4   3   0   5   2 20 17 
   1   0   5   8   4   1 20 
   7   0   3   2   6   1 19 
   8   2   4   1   0   1 18 
   3   2   7   3   0   1 17 
   3   0   4   3   2   1 18 
  10   3   4   5   0   1 17 
   7   8   6   0   2   1 17 
   8   5   0   6   2   1 32
   2   4   4   0   3   1 32
  10   3   0   6   2   1 32
   3   0   4   4   5   1 32
   8   0   3   5   6   1 32
   9   3   0   6   5   1 32
   5   6   0   7   5   1 32
  10   2   4   3   0   1 32
   1   5   2   0   2   1 32
   1   6   4   0   4   1 32
   2   6   5   6   0   1 32
   7   3   4   0   3   1 32
  10   0   1   2   5   1 32
   3   3   0   1   5   1 32
  10   3   0   4   5   1 32
   0   0   0   0   0   0 
