
  32    4
  10   10   10   10

   0   0   0   0   0   3 2 4 6 
   6   1   1   0   1   2 11 3 
  10   5   7   1   0   3 9 8 5 
  10   4   4   5   0   2 8 5 
   6   3   0   3   3   2 31 7 
   1   3   0   2   5   2 31 7 
   2   4   4   6   0   3 19 14 10 
   7   0   2   6   2   5 31 20 16 14 12 
   6   0   8   8   9   5 31 20 19 17 12 
   6   9   5   0   5   4 23 20 16 12 
  10   0   6   3   2   4 20 19 16 12 
   2   3   3   0   6   1 13 
   2   4   0   2   2   3 30 27 15 
   2   5   5   3   0   4 29 28 23 21 
   1   2   3   6   0   2 29 18 
  10   4   2   4   0   1 17 
   7   2   0   3   7   5 29 28 27 26 24 
   4   5   2   3   0   3 28 22 21 
   6   0   1   6   8   3 30 27 21 
   6   0   6   2   5   1 21 
   6   6   3   0   4   2 26 24 
   6   5   2   2   0   2 26 25 
   1   0   5   2   3   2 27 25 
   7   4   6   0   4   1 25 
  10   5   2   3   0   1 32
   1   0   5   7   4   1 32
   9   3   0   5   2   1 32
   3   0   6   6   5   1 32
  10   3   5   0   2   1 32
   4   0   3   6   2   1 32
  10   0   4   2   3   1 32
   0   0   0   0   0   0 
