
  32    4
  10   10   10   10

   0   0   0   0   0   1 2 
   9   1   1   1   0   2 8 3 
   9   5   0   5   1   2 11 4 
   4   0   6   7   5   2 20 5 
   1   1   4   1   0   1 6 
   5   3   6   6   0   2 24 7 
   4   2   4   0   1   2 17 9 
   8   1   0   1   7   1 9 
   7   0   1   5   3   1 10 
   7   0   3   5   3   1 12 
   9   5   0   3   2   4 31 24 23 14 
   1   4   2   0   4   3 31 23 13 
   1   4   9   0   2   1 14 
  10   5   2   0   4   1 15 
  10   4   7   0   2   1 16 
   7   4   2   0   6   1 18 
   5   5   0   6   3   1 18 
   1   4   3   0   5   2 29 19 
   8   5   0   5   4   2 30 21 
   9  10   0   7   6   2 29 25 
   7   5   4   0   3   1 22 
   7   3   4   0   6   1 25 
   7   4   0   2   4   1 25 
   2   4   0   3   4   1 25 
   9   4   0   4   5   1 26 
   2   0   3   2   3   1 27 
   1   0   7   5   5   1 28 
   8   4   6   2   0   1 32
   9   0   4   6   5   1 32
   9   5   0   5   7   1 32
   2   0   2   3   4   1 32
   0   0   0   0   0   0 
