
  32    4
  10   10   10   10

   0   0   0   0   0   3 2 3 7 
   9   1   0   1   1   2 9 4 
   8   3   1   0   2   2 9 4 
   4   0   3   2   4   2 10 5 
   1   9   4   2   0   2 11 6 
   9   0   4   4   4   1 8 
   9   0   7   8   3   1 9 
  10   3   0   7   2   3 17 14 12 
   6   3   4   0   4   1 11 
   2   0   3   4   7   1 11 
   6   1   0   2   4   2 17 12 
   2   0   6   9   3   1 13 
  10   5   7   7   0   2 18 15 
  10   0   4   3   6   2 18 15 
   9   0   2   5   4   2 20 16 
   7   0   3   5   4   2 24 19 
   5   4   7   0   3   1 18 
  10   3   0   3   5   1 19 
   2   8   5   5   0   1 21 
   8   5   2   3   0   1 21 
   8   0   5   3   6   1 22 
  10   4   1   0   3   2 26 23 
   6   9   3   2   0   5 31 30 29 27 25 
   2   0   3   2   7   3 29 27 25 
   8   3   5   0   4   1 28 
  10   4   4   5   0   1 27 
   3   4   6   2   0   1 32
   4   2   0   4   6   1 32
   1   1   4   4   0   1 32
   4   4   3   0   3   1 32
   4   0   4   4   3   1 32
   0   0   0   0   0   0 
