
  32    4
  10   10   10   10

   0   0   0   0   0  10 2 4 5 6 7 9 10 12 14 17 
   8   1   0   1   1   4 29 20 16 3 
   7   0   1   3   4   6 31 30 28 23 19 11 
   2   6   0   5   4   3 16 15 8 
   6   3   0   5   5   7 29 28 23 19 18 15 13 
   9   1   4   0   5   4 31 20 19 13 
   4   8   5   0   1   5 30 29 22 19 15 
   9   7   0   3   2   5 29 28 23 19 18 
   8   0   5   4   2   5 30 29 27 19 18 
   7   0   6   3   1   4 31 30 26 15 
  10   0   5   4   5   3 22 18 15 
   8   0   2   7   5   4 27 26 21 20 
   9   5   4   4   0   4 27 26 22 21 
   2   6   0   5   3   2 26 15 
   6   2   0   5   8   3 27 24 21 
   7   5   4   0   5   3 26 25 22 
  10   3   4   4   0   1 18 
   1   3   3   6   0   3 26 25 24 
   2   3   3   7   0   2 26 24 
   1   3   3   4   0   2 28 24 
   6   4   0   5   7   1 25 
   4   0   2   3   5   1 24 
   6   0   4   4   4   1 25 
   4   4   0   2   5   1 32
  10   3   0   3   4   1 32
   7   9   8   0   5   1 32
   4   1   4   2   0   1 32
   7   3   4   0   4   1 32
   1   5   4   0   5   1 32
   9   6   0   3   4   1 32
   1   1   5   0   2   1 32
   0   0   0   0   0   0 
