
  32    4
  10   10   10   10

   0   0   0   0   0   3 2 3 12 
   2   1   1   0   1   2 14 4 
   9   0   3   1   4   2 14 4 
   7   6   5   0   3   2 8 5 
   7   5   3   2   0   2 11 6 
   2   5   0   5   3   2 21 7 
   3   6   7   0   8   2 19 9 
   7   6   0   6   6   2 11 10 
   3   0   4   2   4   1 10 
   5   0   6   3   5   3 26 18 13 
   5   3   2   0   3   3 26 18 13 
   5   3   3   0   5   4 23 21 18 16 
  10   5   3   0   7   2 23 15 
   5   3   6   2   0   2 21 17 
   3   4   5   0   3   1 16 
   6   1   3   0   3   1 17 
  10   0   2   6   5   2 31 20 
   8   0   3   4   1   2 31 20 
   9   1   8   0   3   2 31 20 
   6   7   3   0   4   3 30 25 22 
  10   0   2   3   4   3 30 25 22 
   4   2   0   3   7   3 29 28 24 
   5   0   5   5   2   1 24 
   9   0   5   6   4   1 27 
   4   8   3   6   0   1 28 
   4   0   3   4   2   1 31 
   5   0   5   6   2   1 32
   7   0   5   2   4   1 32
   6   1   0   2   4   1 32
   6   5   2   8   0   1 32
   7   4   7   0   7   1 32
   0   0   0   0   0   0 
