
  32    4
  10   10   10   10

   0   0   0   0   0   3 2 13 18 
   1   0   1   1   1   1 3 
   3   1   1   0   4   2 22 4 
   4   0   3   8   4   1 5 
   8   5   4   2   0   3 31 10 6 
   4   1   4   0   4   1 7 
  10   3   7   3   0   3 26 12 8 
   2   3   3   7   0   2 14 9 
   6   0   5   5   5   3 20 17 11 
   4   0   5   5   3   4 30 20 17 15 
   7   6   6   4   0   2 30 15 
   3   5   0   5   4   2 17 14 
  10   4   3   0   7   2 30 14 
   7   2   0   5   3   2 20 19 
   1   0   3   3   6   1 16 
   7   7   6   0   7   1 19 
   3   5   3   3   0   1 19 
   8   5   0   3   3   1 19 
   2   0   3   4   3   1 21 
   2   3   2   4   0   1 21 
   7   3   6   0   2   1 23 
  10   3   1   0   6   1 23 
   4   0   9   1   6   1 24 
   5   4   2   0   1   1 25 
   5   4   0   4   4   2 29 27 
  10   0   7   3   5   1 27 
   6   7   3   5   0   1 28 
   2   6   0   2   4   1 32
   6   4   4   4   0   1 32
   2   3   4   5   0   1 32
   5   0   5   6   2   1 32
   0   0   0   0   0   0 
