
  32    4
  10   10   10   10

   0   0   0   0   0   2 2 6 
   9   1   0   1   1   1 3 
   4   4   4   5   0   2 19 4 
   6   4   2   0   5   1 5 
   3   1   0   6   3   2 10 7 
   9   6   6   0   5   1 7 
  10   0  10   3   2   1 8 
   2   5   0   1   7   1 9 
   8   3   0   4   3   2 24 11 
   4   3   4   0   2   2 24 12 
   3   5   4   0   2   1 12 
   6   4   4   0   7   1 13 
   6   0   4   4   6   1 14 
   3   3   1   2   0   2 22 15 
  10   1   2   0   6   1 16 
   7   3   4   0   5   1 17 
  10   3   5   0   3   1 18 
   6   5   2   2   0   1 20 
   4   0   2   6   3   1 20 
   2   7   0   5   3   1 21 
   9   1   6   4   0   1 23 
   5   6   2   4   0   1 23 
   4   4   0   2   1   2 31 25 
   4   2   0   4   7   1 25 
   7   4   0   3   2   1 26 
   2   8   7   5   0   1 27 
   1   6   6   0   6   1 28 
   7   3   3   5   0   1 29 
   3   0   3   5   5   1 30 
   5   5   3   4   0   1 32
   9   7   4   9   0   1 32
   0   0   0   0   0   0 
