
  32    4
  10   10   10   10

   0   0   0   0   0   2 2 6 
   5   0   1   1   1   1 3 
   6   0   4   3   7   1 4 
   4   0   5   2   3   2 15 5 
   1   0   5   3   7   2 10 7 
  10   1   0   2   4   1 7 
   7   3   0  10   4   1 8 
   7   0   4   6   1   1 9 
   7   7   4   1   0   2 21 11 
  10   4   7   3   0   2 21 12 
   5   6   5   0   8   1 12 
   5   5   3   0   6   1 13 
   5   3   2   5   0   1 14 
  10   4   4   0   1   2 20 16 
   4   2   0   5   2   2 20 18 
   2   5   0   3   4   1 17 
   8   2   6   0   2   1 18 
   7   0   7   2   5   1 19 
   2   6   0   5   5   1 22 
   5   7   0   1   4   1 22 
   6   7   6   2   0   1 22 
   9   2   2   3   0   1 23 
   3   3   5   5   0   1 24 
   9   4   0   4   2   1 25 
   8   0   4   4   4   2 30 26 
   3   3   6   8   0   1 27 
   6   2   5   5   0   1 28 
  10   5   1   5   0   1 29 
  10   0   2   5   4   1 31 
   9   0   2   7   4   1 31 
   8   3   2   0   6   1 32
   0   0   0   0   0   0 
