
  32    4
  10   10   10   10

   0   0   0   0   0   4 2 3 4 7 
   8   0   1   1   1   3 9 6 5 
   2   0   5   5   3   2 6 5 
   7   2   0   5   4   3 14 9 8 
   7   8   4   0   4   3 14 10 8 
   2   4   2   4   0   3 14 12 10 
   1   2   0   4  10   3 12 11 10 
   2   4   3   3   0   2 12 11 
   3   3   4   0   5   2 18 10 
   7  10   0   5   3   2 19 13 
  10   4   0   3   2   2 18 13 
   1   0   3   3   4   4 20 19 18 15 
   5   5   3   0   2   3 20 17 16 
   8   4   0   5   5   2 18 15 
  10   3   7   0   3   5 31 30 25 23 22 
  10   0   3   3   5   4 31 29 23 21 
   5   2   0   3   5   3 31 22 21 
   8   5   0   3   5   3 29 23 21 
   8   4   6   0   4   4 31 26 25 22 
   7   4   2   0   3   5 31 30 29 25 24 
   9   0   2   3   4   4 30 26 25 24 
   8   3   0   4   2   3 29 27 24 
   7   0   6   4   3   2 28 26 
   4   3   0   8   4   1 28 
   1   1   4   4   0   1 27 
   7   7   4   4   0   1 27 
   4   4   6   4   0   1 32
   6   1   4   5   0   1 32
   4   0   3   5   5   1 32
   3   5   4   0   6   1 32
   1   0   8   4   4   1 32
   0   0   0   0   0   0 
