
  32    4
  10   10   10   10

   0   0   0   0   0   1 2 
   6   1   0   1   1   2 6 3 
   6   4   1   3   0   1 4 
  10   0   6   3   1   1 5 
   4   5   6   0   6   3 11 10 7 
   3   0   3   5   5   3 11 10 7 
  10   6   4   5   0   1 8 
   8   3   6   3   0   1 9 
   9   3   2   2   0   3 17 16 12 
   6   2   4   8   0   3 17 16 13 
   3   4   0   6   4   2 16 13 
   9   4   0   4   4   1 13 
   6   5   3   0   3   1 14 
   9   6   0   5   2   1 15 
   7   0   5   5   2   2 21 18 
   5   6   3   0   8   2 21 18 
   6   4   4   3   0   2 21 20 
   6   6   5   0   2   1 19 
   4   5   4   0   3   1 20 
   5   5   4   0   5   2 24 22 
   6   0   2   4   4   2 24 22 
   2   0   1   2   4   1 23 
   9   0   5   1   6   2 27 25 
   7   4   8   8   0   2 27 25 
   1   2   0   4   3   1 26 
  10   0   4   3   5   1 28 
   6   2   0   6   4   1 29 
   6   1   0   4   5   1 30 
   8   7   3   0   4   1 30 
   1   3   0   3   5   1 31 
   4   0   5   4   6   1 32
   0   0   0   0   0   0 
