
  32    4
  10   10   10   10

   0   0   0   0   0   4 2 29 30 31 
   1   1   0   1   1   2 28 3 
   4   0   1   4   1   2 27 4 
  10   0   6   3   4   1 5 
   6   4   5   0   5   1 6 
   5   3   5   0   4   1 7 
   8   5   3   3   0   1 8 
   8   0   4   4   4   1 9 
  10   8   0   6   5   1 10 
  10   6   0   8   3   2 26 11 
   9   0   2   4   5   1 12 
   4   3   3   0   5   1 13 
   6   3   0   2   3   1 14 
   1   3   3   2   0   1 15 
   7   3   0   2   5   1 16 
   9   0   7   5   6   1 17 
   6   8   4   0   3   1 18 
   9   5   2   3   0   1 19 
   4   4   0   3   2   1 20 
  10   0   2   4   5   1 21 
   6   2   0   4   6   1 22 
   2   1   3   0   4   1 23 
   9   4   1   4   0   1 24 
   5   3   5   0   4   1 25 
   1   2   0   6   5   1 32
   9   5   4   0   3   1 32
   1   3   0   8   4   1 32
   9   6   9   5   0   1 32
   9   5   7   0   3   1 32
   2   5   4   5   0   1 32
   7   0   4   2   6   1 32
   0   0   0   0   0   0 
