
  32    4
  10   10   10   10

   0   0   0   0   0   1 2 
   9   1   1   0   1   1 3 
   3   5   6   0   4   1 4 
   9   1   3   0   5   1 5 
   4   4   6   1   0   1 6 
   6   8   0   4   2   1 7 
   3   4   4   2   0   1 8 
   1   4   3   5   0   1 9 
   6   4   3   0   5   2 13 10 
   4   7   0   3   3   1 11 
   9   0   4   4   4   1 12 
   3   3   1   0   4   1 14 
  10   7   7   1   0   1 14 
   4   3   3   0   3   1 15 
   5   4   0   8   2   1 16 
   8   2   0   6   5   2 29 17 
   3   0   8   4   3   1 18 
   5   0   5   6   5   2 31 19 
   1   1   3   0   3   1 20 
  10   2   3   0   4   1 21 
   1   4   5   5   0   1 22 
   4   0   5   5   6   1 23 
   6   7   3   0   5   1 24 
   8   0   4   4   3   1 25 
   7   5   6   5   0   1 26 
   4   4   6   0   6   1 27 
   1   5   5   5   0   1 28 
   7   6   2   2   0   1 30 
   4   1   1   2   0   1 31 
   1   4   2   4   0   1 32
   1   4   5   0   7   1 32
   0   0   0   0   0   0 
