
  32    4
  10   10   10   10

   0   0   0   0   0   4 2 4 7 31 
   8   1   0   1   1   5 30 29 27 16 3 
   9   0   1   4   3   3 28 25 5 
   8   0   6   1   4   6 27 26 25 24 15 9 
  10   3   3   2   0   2 26 6 
   4   4   3   3   0   1 8 
   9   5   5   0   3   4 27 25 20 9 
  10   0   4   7   4   3 24 15 9 
   3   0   5   7   3   4 23 22 21 10 
   8   3   2   2   0   1 11 
   2   4   5   0   2   2 19 12 
   1   3   2   5   0   2 18 13 
   2   4   5   0   3   1 14 
   5   6   0   9   4   1 17 
   2   3   3   2   0   1 20 
  10   2   4   0   4   1 20 
   2   4   4   0   2   1 32
  10   0   2   3   5   1 32
   8   0   2   5   8   1 32
   3   7   0   3   7   1 32
   5   3   8   8   0   1 32
   6   5   5   0   7   1 32
   3   2   0   5   5   1 32
   7   7   3   2   0   1 32
   7   0   2   3   5   1 32
   7   0   5   3   2   1 32
   6   1   1   0   2   1 32
   5   4   6   0   7   1 32
   7   6   5   0   6   1 32
   4   0   8   5   2   1 32
   6   7   5   0   3   1 32
   0   0   0   0   0   0 
