
  32    4
  10   10   10   10

   0   0   0   0   0   1 2 
   7   1   0   1   1   2 8 3 
   4   3   1   0   4   2 11 4 
   3   4   1   4   0   2 20 5 
   8   0   3   5   3   1 6 
   6   0   4   2   3   2 24 7 
   5   6   2   4   0   2 17 9 
   9   8   2   0   3   2 17 9 
   5   0   7   6   2   1 10 
   6   5   0   4   3   1 12 
   2   0   4   5   4   4 31 24 23 14 
  10   7   4   7   0   2 23 13 
  10   0   5   7   3   2 31 14 
   6   3   2   3   0   1 15 
   2   0   8   3   5   1 16 
   7   0   8   2   4   1 18 
   6   7   5  10   0   1 18 
   9   3   6   0   2   2 29 19 
   2   2   0   4   5   2 30 21 
   2   0   2   2   6   2 29 22 
   2   3   4   1   0   1 22 
   8   3   4   0   5   1 25 
   6   3   2   1   0   1 25 
  10   0   3   3   5   1 25 
   9   3   3   0   4   1 26 
   4   5   2   4   0   1 27 
   3   0   6   4   4   1 28 
   3   0   4   7   5   1 32
   5   4   4   3   0   1 32
   7   4   7   0   4   1 32
   4   2   5   0   9   1 32
   0   0   0   0   0   0 
