
  32    4
  10   10   10   10

   0   0   0   0   0  16 2 3 4 5 6 7 9 10 11 12 13 15 16 17 18 31 
   7   1   1   0   1   8 30 28 25 23 22 21 14 8 
   6   3   1   1   0   7 28 27 25 24 23 22 21 
  10   3   4   0   4   6 29 28 27 24 23 20 
   1   2   5   0   5   5 26 24 22 21 20 
   1   0   3   7   6   3 25 21 20 
   5   5   7   0   7   3 26 21 20 
   1   3   0   3   1   2 26 20 
   6   0   4   4   3   2 27 19 
   1   5   0   2   2   2 25 19 
   2   0   3   3   7   2 29 21 
  10   9   0   1   3   2 24 20 
  10   2   5   0   4   2 23 19 
  10   4   5   6   0   1 19 
   8   0   4   5   4   1 22 
   9   5   4   0   5   1 19 
   9   0   5   3   4   1 19 
   9   1   0   3   4   1 19 
   5   0   5   5   5   1 32
   1   5   3   0   3   1 32
   9   5   5   0   6   1 32
   3   8   5   2   0   1 32
   5   3   6   0   3   1 32
   8   5   1   7   0   1 32
   5   0   3   3   2   1 32
   9   4   0   7   3   1 32
   4   4   3   5   0   1 32
   7   4   4   0   6   1 32
   6   0   7   5   3   1 32
   6   3   2   0   3   1 32
  10   4   5   0   6   1 32
   0   0   0   0   0   0 
