
  32    4
  10   10   10   10

   0   0   0   0   0   1 2 
   2   1   1   0   1   2 5 3 
  10   4   0   1   2   1 4 
  10   3   3   0   3   1 6 
   6   0   8   4   4   1 6 
   1   0   2   3   2   1 7 
  10   3   0   6   4   3 11 9 8 
   1   7   0   5   2   1 10 
   4   0   5   3   2   1 10 
  10   7   5   4   0   2 14 12 
   9   6   3   6   0   2 14 13 
   5   0   3   5   4   1 13 
   5   0   3   2   7   2 17 15 
   2   3   6   5   0   2 17 15 
   5   5   5   0   8   1 16 
   9   3   4   0   4   2 19 18 
   1   4   3   4   0   2 19 18 
   7   3   4   5   0   1 20 
   6   5   0   3   4   1 20 
  10   0   3   3   1   1 21 
   8   2   3   0   6   2 23 22 
   5   1   0   4   3   1 24 
   1   0   6   5   7   1 24 
   7   0   3   3   4   1 25 
   3   4   2   5   0   2 27 26 
   3   0   6   5   6   1 29 
   1   6   3   0   6   1 28 
   5   0   4   2   7   1 30 
   2   4   0   5   6   1 30 
   8   5   8   0   1   1 31 
   2   0   3   4   2   1 32
   0   0   0   0   0   0 
