
  32    4
  10   10   10   10

   0   0   0   0   0   2 2 17 
   1   0   1   1   1   1 3 
   9   0   4   4   2   3 31 16 4 
   7   1   0   1   6   1 5 
  10   4   3   0   3   1 6 
   6   0   5   2   3   2 29 7 
   6   0   6   5   2   2 30 8 
   5   4   3   0   4   1 9 
   2   0   3   2   5   1 10 
  10   3   0   4   2   3 28 27 11 
   5   5   0   6   3   1 12 
   7   7   0   4   4   1 13 
   4   2   5   0   4   2 26 14 
   6   6   3   4   0   2 25 15 
   9   3   6   0   2   1 18 
   2   0   5   2   5   3 29 25 21 
   3   2   0   6   5   2 27 20 
   6   6   0   7   5   1 19 
   7   3   2   0   5   1 20 
   1   2   6   0   5   1 21 
   7   4   4   0   5   1 22 
   7   6   4   4   0   1 23 
  10   0   5   6   5   1 24 
   3   5   2   0   6   1 32
   1   5   3   0   5   1 32
   7   1   4   7   0   1 32
   1   5   5   0   1   1 32
  10   4   3   0   6   1 32
  10   5   0   3   4   1 32
  10   7   4   0   4   1 32
   1   2   6   0   6   1 32
   0   0   0   0   0   0 
