
  32    4
  10   10   10   10

   0   0   0   0   0   3 2 3 5 
  10   0   1   1   1   2 8 4 
   7   1   4   2   0   2 8 4 
   2   4   0   9   4   2 9 6 
  10   0   3   2   6   2 9 8 
   5   4   2   0   5   1 7 
  10   2   7   0   5   2 11 10 
   7   6   0   5   6   2 11 10 
   2   1   6   0   1   2 13 11 
   5   2   6   4   0   2 13 12 
   2   0   3   3   5   1 12 
   6   8   3   0   4   2 16 14 
   4   2   0   5   5   1 14 
   8   2   4   0   1   2 17 15 
   7   5   6   0   4   2 19 18 
   6   6   5   5   0   1 17 
   4   4   0   6   5   2 23 20 
  10   0   7   2   6   2 23 20 
   6   5   4   0   8   2 23 20 
   1   4   6   0   4   1 21 
   3   8   0   2   2   1 22 
   3   0   3   6   4   2 27 24 
   6   7   3   0   3   1 24 
   4   0   2   3   2   4 31 30 26 25 
   2   0   7   4   3   1 29 
   8   0   1   3   7   1 28 
  10   4   4   4   0   1 28 
   8   5   2   3   0   1 32
  10   3   0   5   4   1 32
   9   2   5   0   1   1 32
   4   3   2   6   0   1 32
   0   0   0   0   0   0 
