
  32    4
  10   10   10   10

   0   0   0   0   0   1 2 
   1   1   1   0   1   1 3 
   5   3   0   1   5   1 4 
   4   0   3   4   3   1 5 
   4   7   0   5   4   1 6 
   6   4   6   3   0   1 7 
   6   5   0   9   4   1 8 
   8   5   7   4   0   1 9 
   1   4   0   9   4   1 10 
   5   0   4   3  10   1 11 
  10   6   0   4   4   1 12 
   1   3   4   5   0   1 13 
   3   4   5   0   4   2 15 14 
   4   5   5   2   0   1 16 
   1   1   2   0   6   1 16 
   6   4   0   4   5   1 17 
   2   3   0   1   5   1 18 
   4   7   4   0   6   2 20 19 
   7   3   4   0   1   1 21 
   9   4   0   3   5   1 21 
   5   3   6   0   3   1 22 
   9   3   2   4   0   1 23 
   5   2   2   0   6   1 24 
   4   2   5   5   0   1 25 
  10   6   0   3   4   1 26 
   3   3   3   0   2   1 27 
   9   2   0   4   6   1 28 
   2   4   4   0   2   2 30 29 
   2  10   0   4   1   1 31 
   4   4   0   3   2   1 31 
  10   0   5   4   3   1 32
   0   0   0   0   0   0 
