
  32    4
  10   10   10   10

   0   0   0   0   0   3 2 3 8 
   7   0   1   1   1   2 13 4 
   9   2   2   4   0   2 13 4 
   7   3   0   2   6   2 9 5 
   3  10   6   2   0   2 11 6 
   3   5   0   4   4   1 7 
   5   4   0   4   7   3 18 16 10 
   5   5   4   8   0   2 13 12 
   2   4   0   3   2   1 11 
   3   0   3   5   5   1 12 
   7   3   0   7   3   1 12 
   5   1   6   0   6   3 24 20 14 
   3   0   5   9   6   2 18 14 
   8   2   0   5   3   1 15 
   5   5   6   4   0   2 23 17 
   5   4   0   6   4   1 17 
   9   3   0   3   1   1 19 
   1   5   0   3   5   1 19 
   2   0   4   5   2   2 31 21 
   3   3   3   2   0   2 31 21 
   5   3   3   0   5   2 26 22 
   2   6   4   0   4   4 30 29 27 25 
   1   0   7   3   6   2 27 25 
   8   1   3   0   6   2 31 29 
   3   0   1   4   2   1 28 
   2   4   5   0   4   1 27 
   5   5   4   0   1   1 32
   5   4   6   0   4   1 32
   7   0   3   2   5   1 32
   3   5   4   2   0   1 32
   7   5   4   4   0   1 32
   0   0   0   0   0   0 
