
  32    4
  10   10   10   10

   0   0   0   0   0   3 2 3 20 
   4   1   1   0   1   2 31 4 
   6   7   0   1   2   2 31 4 
   3   0   2   5   2   2 8 5 
   3   3   5   0   2   2 12 6 
   3   4   3   2   0   2 30 7 
   9   3   5   2   0   2 18 9 
   6   3   5   0   4   2 12 10 
   9   1   3   0   2   1 10 
   3   8   4   5   0   3 24 15 11 
   2   5   4   4   0   2 21 13 
   2   6   0   7   4   2 24 13 
   1   2   6   0   3   1 14 
   8   0   3   3   4   2 29 16 
   2   0   3   2   3   2 29 17 
  10   6   4   0   4   1 17 
   3   3   5   0   5   3 28 23 19 
  10   4   5   4   0   2 28 19 
   1   4   3   3   0   3 27 25 22 
   7   5   0   3   8   2 27 23 
   1   6   0   7   2   1 22 
   2   4   5   6   0   1 26 
   8   0   4   4   9   1 25 
   1   4   6   0   6   1 29 
   1   0   3   4   3   1 32
   7   2   0   6   3   1 32
   5   4   5   0   4   1 32
   4   4   0   5   8   1 32
  10   3   0   4   2   1 32
   2   4   0   2   7   1 32
   3   0   4   5   4   1 32
   0   0   0   0   0   0 
