
  32    4
  10   10   10   10

   0   0   0   0   0  10 2 3 4 5 6 7 12 13 30 31 
   5   1   1   1   0  10 28 26 25 23 22 21 18 17 10 8 
   2   3   6   0   1   9 29 23 21 20 18 17 16 15 8 
   9   0   5   6   5   8 27 23 22 20 17 16 14 11 
   6   0   5   3   3   5 26 25 22 19 15 
   3   0   2   2   7   4 21 17 16 9 
   7   6   4   0   8   3 20 16 9 
   4   0   6   5   7   3 24 19 14 
   4   0   3   2   3   1 14 
   9   6   0   3   5   1 14 
   8   1   0   2   3   1 18 
   9   0   4   2   5   1 15 
   7   0   4   6   6   1 15 
   8   0   2   6   5   1 32
   1   9   4   3   0   1 32
   5   2   5   0   6   1 32
   3   2   5   3   0   1 32
  10   4   0   4   3   1 32
   8   2   0   4   3   1 32
   7   0   4   7   6   1 32
   9   4   1   0   3   1 32
   7   4   0   8   3   1 32
  10   8   4   0   3   1 32
   3   0   8   5   1   1 32
   3   2   7   0   5   1 32
   6   3   0   3   1   1 32
   4   7   0   4   4   1 32
   7   0   2   6   2   1 32
   6   3   4   0   5   1 32
   3   0   2   4   1   1 32
   8   5   0   3   4   1 32
   0   0   0   0   0   0 
