
  32    4
  10   10   10   10

   0   0   0   0   0   2 2 15 
   2   1   1   0   1   1 3 
   1   0   5   1   7   1 4 
   5   3   1   0   5   1 5 
   5   4   7   0   4   1 6 
   1   5   4   3   0   1 7 
   3   6   5   0   5   1 8 
   4   7   6   2   0   1 9 
   3   4   0   4   3   1 10 
   4   4   3   0   5   1 11 
   1   0   3   4   6   1 12 
   8   0   4   5   2   1 13 
   9   5   3   0   6   1 14 
   5   2   4   0   5   1 16 
   6   2   0   1   6   1 16 
   9   6   4   0   1   2 28 17 
  10   0   4   2   1   1 18 
   4   4   3   0   5   1 19 
   7   5   0   4   3   2 31 20 
   3   0   3   6   3   2 25 21 
   4   4   5   3   0   2 27 22 
   9   0   6   5   2   2 30 23 
   7   3   5   0   3   1 24 
   2   0   6   6   4   1 26 
   5   4   4   6   0   1 26 
   7   6   4   7   0   1 29 
   5   4   3   5   0   1 30 
   4   2   0   3   8   1 29 
  10   3   0   3   2   1 32
   5   0   2   6   5   1 32
   6   4   5   4   0   1 32
   0   0   0   0   0   0 
