
  32    4
  10   10   10   10

   0   0   0   0   0  12 2 3 4 5 6 8 11 12 28 29 30 31 
   4   1   1   0   1   9 27 21 19 18 17 16 15 13 9 
   4   3   0   1   2   9 26 25 24 23 21 20 18 15 14 
   9   4   0   7   2   5 22 20 16 15 7 
   1   4   1   0   4   8 24 23 22 21 20 17 16 15 
   3   5   9   3   0   4 19 16 14 10 
   7   2   0   2   3   4 18 17 14 13 
  10   5   0   7   4   4 19 18 17 16 
   2   4   7   4   0   1 14 
   2   0   5   5   4   1 13 
   2   3   0   5   3   1 15 
  10   4   0   8   5   1 13 
   5   4   0   5   4   1 32
   5   3   0   3   5   1 32
   8   5   0   5   5   1 32
  10   3   4   3   0   1 32
   8   4   3   0   7   1 32
   6   2   4   0   5   1 32
  10   6   2   0   2   1 32
   7   3   3   6   0   1 32
   3   4   0   3   3   1 32
   4   0   5   3   1   1 32
   9   0   5   5  10   1 32
   1   0   1   2   3   1 32
   9   2   6   0   5   1 32
   6   6   0   2   4   1 32
   5   2   4   0   4   1 32
   1   8   0   3   5   1 32
   5   6   3   4   0   1 32
   1   0   5   2   7   1 32
   6   7   0   4   2   1 32
   0   0   0   0   0   0 
