
  32    4
  10   10   10   10

   0   0   0   0   0   5 2 6 7 30 31 
   2   0   1   1   1   4 29 27 16 3 
   1   1   6   3   0   3 28 24 4 
   9   2   0   1   2   2 25 5 
   4   7   3   6   0   2 26 8 
   9   6   0   4   3   6 27 25 24 21 15 10 
   7   5   6   0   4   4 27 24 23 9 
   5   2   4   0   6   3 23 15 9 
   7   0   3   4   4   3 22 21 10 
   6   0   3   7   5   1 11 
   5   7   4   6   0   2 19 12 
   2   3   0   3   4   2 18 13 
   8   6   0   2   2   1 14 
   8   2   4   0   5   1 17 
   2   0   5   1   6   1 20 
   4   3   0   7   5   1 20 
   1   1   4   3   0   1 32
   6   0   5   3   5   1 32
   3   0   3   5   2   1 32
   2   3   5   0   3   1 32
   9   2   7   0   6   1 32
   8   6   3   0   5   1 32
   2   4   3   0   6   1 32
   1   0   3   3   6   1 32
   8   6   2   0   3   1 32
   6   0   5   6   2   1 32
   9   7   3   0   3   1 32
   9   5   6   0   3   1 32
   4   6   5   8   0   1 32
   5   2   0   3   6   1 32
   4   2   3   0   3   1 32
   0   0   0   0   0   0 
