
  32    4
  10   10   10   10

   0   0   0   0   0   7 2 3 4 6 10 14 15 
   1   1   0   1   1   4 13 12 9 5 
   6   0   1   5   2   6 19 17 13 12 11 9 
   9   2   3   5   0   4 13 12 11 8 
   7   4   0   5   3   5 31 19 17 16 11 
   1   7   0   2   3   2 16 7 
   6   0   6   5   5   6 31 30 22 19 18 12 
   4   5   5   0   3   6 31 30 24 22 20 19 
   7   3   0   3   5   3 31 20 16 
   5   1   3   4   0   3 21 18 16 
   1   7   7   0   8   5 25 22 21 20 18 
   9   4   3   5   0   5 29 25 24 21 20 
   8   4   2   0   3   5 31 29 25 22 20 
   8   5   7   0   4   4 31 29 21 18 
   6   1   3   0   2   3 21 19 18 
   5   5   0   5   4   5 30 29 24 23 22 
   8   3   0   3   5   3 30 22 20 
  10   5   3   0   3   2 24 23 
   5   4   5   4   0   3 28 27 25 
   5   0   5   4   9   2 26 23 
   2   3   5   0   8   2 26 23 
   7   0   2   5   4   3 28 27 26 
   5   5   5   0   5   2 28 27 
   9   6   4   3   0   1 26 
   4   4   4   8   0   1 26 
   2   5   4   6   0   1 32
   7   2   0   1   2   1 32
   9   4   4   0   6   1 32
   2   6   2   4   0   1 32
   9   5   5   0   1   1 32
   2   3   0   2   2   1 32
   0   0   0   0   0   0 
