
  32    4
  10   10   10   10

   0   0   0   0   0   5 2 4 10 16 21 
   3   1   0   1   1   1 3 
  10   2   1   0   6   4 15 12 11 5 
   1   2   4   5   0   5 20 15 12 11 6 
   2   6   3   6   0   4 31 30 14 7 
   6   0   5   2   5   5 31 30 29 18 9 
   6   4   5   0   2   3 19 18 8 
   3   3   0   3   5   2 29 9 
   6   3   5   0   5   5 27 25 24 22 13 
   1   6   0   7   3   1 12 
   8   8   0   3   4   4 30 27 19 18 
   8   5   4   0   3   3 28 23 14 
   5   0   2   5   3   2 23 17 
   6   4   4   0   7   2 25 24 
   6   5   0   3   3   2 28 23 
   3   0   4   3   4   1 20 
   5   3   0   2   2   1 26 
   3   6   0   2   3   1 22 
   9   3   0   9   2   1 22 
   1   4   6   0   3   1 28 
   8   0   4   5   8   1 22 
   8   2   8   0   2   1 32
   7   3   0   6   3   1 32
   6   5   2   4   0   1 32
   4   6   6   5   0   1 32
  10   6   5   1   0   1 32
   6   0   2   7   4   1 32
   3   3   3   0   6   1 32
   5   0   3   2   6   1 32
   9   0   4   3   4   1 32
   5   2   4   0   6   1 32
   0   0   0   0   0   0 
