
  32    4
  10   10   10   10

   0   0   0   0   0   7 2 3 4 5 10 15 16 
   6   1   1   1   0   4 14 11 9 6 
  10   4   0   5   1   5 22 17 13 11 8 
   1   4   7   4   0   3 18 13 7 
   1   4   2   0   5   7 31 29 22 21 18 14 13 
   4   3   3   3   0   7 31 30 29 22 21 20 12 
  10   0   3   5   2   7 31 29 24 22 21 20 17 
   2   3   0   3   4   8 30 29 28 24 23 21 20 19 
  10   4   5   0   2   6 31 29 23 20 19 18 
  10   0   4   4   7   4 31 29 22 17 
   2   5   0   7   3   5 31 29 24 23 19 
   7   2   8   3   0   3 24 19 17 
   6   7   4   0   2   4 28 24 23 19 
   9   4   5   0   4   4 30 23 20 19 
  10   5   3   6   0   2 23 18 
   2   4   4   4   0   2 24 17 
   5   0   2   3   8   4 28 26 25 23 
   5   5   6   4   0   4 30 28 26 25 
   3   3   4   0   6   3 27 26 25 
  10   3   0   6   3   3 27 26 25 
   6   3   0   6   5   3 27 26 25 
   6   6   5   0   4   2 26 25 
  10   3   3   0   4   1 27 
   3   4   0   3   5   1 25 
   9   4   1   0   6   1 32
   5   6   4   0   3   1 32
   7   0   4   5   5   1 32
   8   5   6   0   4   1 32
   4   4   0   4   3   1 32
   4   5   0   1   3   1 32
   6   3   0   3   3   1 32
   0   0   0   0   0   0 
