
  32    4
  10   10   10   10

   0   0   0   0   0   2 2 31 
   5   1   1   1   0   1 3 
   4   8   5   4   0   3 30 29 4 
   5   3   0   3   1   1 5 
   1   4   4   5   0   2 28 6 
   5   4   5   0   2   2 27 7 
   5   8   0   5   7   1 8 
  10   0   3   3   4   1 9 
   2   5   4   5   0   1 10 
   2   4   0   4   6   3 26 25 11 
   1   3   4   0   5   1 12 
  10   0   9   4   7   1 13 
   2   3   0   8   2   3 24 23 14 
   2   1   0   4   2   1 15 
   9   3   0   3   4   1 16 
   4   0   3   6   3   1 17 
   6   2   3   0   2   1 18 
   5   6   3   0   3   1 19 
   1   5   5   0   4   1 20 
   5   6   4   0   9   1 21 
   2   1   4   5   0   1 22 
   9   2   4   0   6   1 32
  10   0   2   2   2   1 32
   7   6   6   0   3   1 32
   9   4   5   4   0   1 32
   4   1   3   0   2   1 32
   8   0   3   2   5   1 32
   4   5   3   0   7   1 32
   9   6   4   0   5   1 32
   4   5   0   4   1   1 32
   7   4   5   4   0   1 32
   0   0   0   0   0   0 
