
  32    4
  10   10   10   10

   0   0   0   0   0   3 2 25 31 
   3   1   0   1   1   1 3 
   4   6   1   2   0   2 24 4 
   3   0   5   3   2   1 5 
   7   3   0   3   2   3 30 11 6 
   9   4   0   4   6   1 7 
   8   6   6   0   6   3 29 12 8 
   1   0   5   3   3   2 17 9 
   3   5   0   5   6   3 22 16 10 
   3   2   0   4   5   2 28 13 
   2   4   4   4   0   2 16 14 
   4   0   5   3   7   2 22 17 
   4   0   4   4   3   1 14 
  10   0   1   3   4   1 15 
   3   5   6   5   0   1 18 
   9   5   0   3   5   1 18 
   1   2   8   6   0   1 18 
   2   4   5   6   0   1 19 
   2   3   0   2   3   1 20 
  10   0   3   7   5   1 21 
   6   6   0   5   4   2 27 23 
   6   4   3   7   0   1 23 
   8   0   4   4   3   1 26 
   7   2   0   5   5   1 27 
   7   4   0   4   3   1 26 
   8   5   0   2   4   1 32
   9   3   0   4   6   1 32
   3   1   0   3   3   1 32
   5   4   2   5   0   1 32
   8   0   3   5   2   1 32
   8   9   3   0   4   1 32
   0   0   0   0   0   0 
