
  32    4
  10   10   10   10

   0   0   0   0   0  20 2 3 4 6 7 8 9 10 11 21 22 23 24 25 26 27 28 29 30 31 
   1   1   1   0   1   4 20 17 12 5 
   8   5   0   1   6   3 17 15 13 
   2   6   4   4   0   2 16 14 
   1   0   5   6   5   1 18 
   7   3   6   0   5   1 16 
   3   0   3   3   2   1 15 
   1   0   4   5   4   1 14 
   8   4   0   5   5   1 13 
   7   6   3   0   6   1 12 
   1   8   0   4   3   1 19 
   2   4   5   0   3   1 32
   5   0   3   3   2   1 32
   5   0   5   3   7   1 32
   8   0   4   6   4   1 32
  10   3   0   2   4   1 32
   2   0   7   3   4   1 32
   6   8   1   0   3   1 32
   2   3   0   4   4   1 32
   4   3   4   0   9   1 32
  10   5   7   0   3   1 32
   7   3   0   4   2   1 32
   8   3   3   5   0   1 32
   1   0   3   6   5   1 32
   6   0   3   3   4   1 32
   2   2   5   0   2   1 32
   5   1   0   3   4   1 32
   3   5   4   0   5   1 32
   9   5   4   0   2   1 32
   3   2   0   5   4   1 32
  10   4   4   5   0   1 32
   0   0   0   0   0   0 
