
  32    4
  10   10   10   10

   0   0   0   0   0   3 2 5 6 
   8   0   1   1   1   3 14 12 3 
   5   1   3   0   3   2 13 4 
   7   0   5   2   4   3 31 30 7 
   4   2   6   0   6   2 30 7 
   4   0   3   2   3   2 30 7 
   8   0   1   4   3   3 17 15 8 
   3   5   1   5   0   3 22 19 9 
   5   3   0   4   4   1 10 
   6   3   0   6   4   3 28 25 11 
   1   6   6   0   7   3 29 27 16 
   1   3   3   0   4   3 28 27 16 
  10   0   6   2   3   4 28 26 25 18 
   3   6   0   3   3   3 31 19 18 
   8   3   6   3   0   4 27 25 24 20 
   6   2   0   3   5   2 26 18 
   8   0   3   2   3   3 24 23 21 
   7   3   0   4   4   2 24 20 
   5   8   5   7   0   2 24 20 
  10   7   0   5   7   1 23 
   2   0   4   7   6   1 25 
   4   8   5   2   0   1 25 
   4   0   3   3   4   1 32
   7   6   2   0   3   1 32
   1   4   7   0   5   1 32
   4   4   7   0   3   1 32
   2   1   0   7   3   1 32
  10   5   3   5   0   1 32
  10   1   0   4   7   1 32
   5   4   0   7   3   1 32
   1   3   4   0   2   1 32
   0   0   0   0   0   0 
