
  32    4
  10   10   10   10

   0   0   0   0   0   4 2 29 30 31 
   1   1   1   0   1   1 3 
   7   3   3   0   3   1 4 
   8   3   4   0   4   2 28 5 
   4   5   2   0   7   2 27 6 
   2   3   0   1   8   1 7 
   2   0   6   5   3   1 8 
   3   0   4   3   2   1 9 
   3   9   5   3   0   1 10 
   9   2   0   2   3   1 11 
   8   5   2   0   6   1 12 
   4   0   3   4   7   2 26 13 
   1   7   3   3   0   1 14 
   7   2   0   4   5   1 15 
   5   4   0   7   6   1 16 
   7   3   0   4   7   1 17 
   2   4   0   2   4   1 18 
   8   2   7   0   1   1 19 
   1   2   0   7   7   1 20 
   8   6   0   5   3   1 21 
   8   3   0   7   3   1 22 
   3   6   2   0   2   1 23 
   7   4   4   6   0   1 24 
   7   3   5   0   4   1 25 
   2   6   7   5   0   1 32
  10   4   0   3   2   1 32
  10   0   7   3   3   1 32
   8   5   4   0   4   1 32
   3   3   4   0   1   1 32
   8   5   0   5   5   1 32
   6   0   3   1   3   1 32
   0   0   0   0   0   0 
