
  32    4
  10   10   10   10

   0   0   0   0   0   5 2 4 5 8 11 
   2   1   1   1   0   2 15 3 
   2   2   5   0   1   2 10 6 
   1   2   2   5   0   3 15 10 7 
   3   4   4   5   0   3 15 10 9 
   8   2   4   0   2   3 21 12 9 
   6   1   3   0   6   3 21 14 12 
   1   0   7   4   5   2 13 10 
   7   0   5   1   6   3 17 16 13 
   1   4   0   2   3   4 24 18 16 14 
   3   0   5   6   6   2 16 13 
   2   6   0   5   2   5 30 24 19 18 17 
   4   6   6   5   0   3 29 24 14 
   2   8   7   5   0   6 31 30 27 22 20 19 
   5   4   3   0   4   3 30 21 17 
   7   2   0   3   4   4 29 27 26 25 
   5   4   0   6   6   3 27 26 22 
   7   5   2   4   0   2 31 20 
   3   6   0   2   4   2 26 23 
   9   5   4   0   7   2 28 26 
   1   5   5   0   4   2 29 25 
   2   6   0   5   7   1 25 
   1   2   2   0   3   1 25 
   3   7   3   3   0   1 27 
   7   2   0   4   4   1 32
   3   2   4   0   1   1 32
   3   0   4   2   4   1 32
   8   0   2   3   5   1 32
   4   6   7   5   0   1 32
   8   4   0   6   1   1 32
   5   0   3   6   3   1 32
   0   0   0   0   0   0 
