
  32    4
  10   10   10   10

   0   0   0   0   0  11 2 3 4 5 6 7 12 28 29 30 31 
   2   1   1   0   1   7 27 19 17 16 15 13 8 
   8   4   8   1   0   7 26 25 23 22 15 13 11 
   1   0   3   4   6   6 23 21 20 18 14 10 
   6   1   4   6   0   4 24 22 21 14 
   8   2   6   6   0   3 20 16 9 
   9   4   3   0   3   3 16 15 13 
   9   0   8   2   4   2 18 14 
   1   2   1   0   3   1 13 
   8   4   4   3   0   1 13 
   1   6   2   0   3   1 17 
  10   5   0   2   2   1 19 
   2   5   4   0   6   1 32
  10   0   5   2   7   1 32
   4   5   5   0   3   1 32
  10   6   6   3   0   1 32
   1   4   4   0   5   1 32
   8   3   0   4   5   1 32
   1   6   2   3   0   1 32
   5   0   4   4   1   1 32
   1   2   0   6   5   1 32
   9   0   2   4   4   1 32
   7   6   0   7   5   1 32
   6   6   0   5   7   1 32
   4   3   0   6   6   1 32
   9   0   4   3   5   1 32
   8   7   3   3   0   1 32
  10   4   0   3   2   1 32
   7   0   6   5   1   1 32
   1   2   4   4   0   1 32
   4   0   3   6   4   1 32
   0   0   0   0   0   0 
