
  32    4
  10   10   10   10

   0   0   0   0   0   3 2 3 5 
   3   1   1   0   1   2 10 4 
   9   4   5   0   3   3 10 7 6 
   9   3   5   1   0   2 7 6 
   5   0   4   9   2   2 9 7 
   7   5   4   0   2   2 9 8 
   6   2   0   7   4   1 8 
  10   5   2   2   0   2 13 11 
   1   5   0   3   2   2 13 11 
   7   3   0   2   8   2 13 11 
   2   4   6   3   0   3 16 14 12 
   6   0   6   7   5   4 25 20 19 15 
  10   4   4   0   8   3 25 17 14 
   7   0   3   2   1   2 20 18 
   9   0   4   1   4   1 17 
  10   2   8   0   3   3 31 22 21 
   1   4   4   6   0   1 18 
  10   2   6   3   0   4 31 29 24 22 
   8   6   2   7   0   4 31 29 24 22 
   2   3   0   5   2   3 31 30 21 
   8   4   2   0   5   4 29 28 24 23 
   2   7   8   2   0   3 30 28 23 
   2   0   4   4   5   2 27 26 
   7   4   2   0   4   2 27 26 
   5   5   3   0   5   1 26 
   6   0   3   4   3   1 32
   4   3   4   4   0   1 32
  10   0   3   5   8   1 32
   2   5   3   3   0   1 32
  10   7   3   0   5   1 32
   9   4   5   0   4   1 32
   0   0   0   0   0   0 
