
  32    4
  10   10   10   10

   0   0   0   0   0  23 2 3 5 6 7 14 15 16 17 18 19 20 21 22 23 24 25 26 27 28 29 30 31 
   7   1   1   0   1   3 13 12 8 
  10   0   4   1   3   1 4 
   6   0   2   3   4   1 9 
   5   3   0   2   4   1 11 
   9   0   3   6   5   1 10 
   3   6   7   0   6   1 8 
   7   1   3   7   0   1 32
   8   1   4   4   0   1 32
   6   0   3   5   4   1 32
   8   5   6   4   0   1 32
   9   4   0   5   4   1 32
   7   3   0   2   5   1 32
   2   0   2   4   2   1 32
   2   2   0   3   3   1 32
   8   5   3   4   0   1 32
   1   7   6   2   0   1 32
  10   7   0   5   4   1 32
   8   3   6   8   0   1 32
   6   4   0   2   3   1 32
   3   6   3   4   0   1 32
   2   4   0   4   5   1 32
   7   5   7   0   4   1 32
  10   5   0   6   4   1 32
   8   0   2   3   5   1 32
   3   4   0   3   6   1 32
   4   6   4   0   5   1 32
  10   3   7   3   0   1 32
   2   3   2   0   2   1 32
  10   3   5   4   0   1 32
   7   5   0   6   5   1 32
   0   0   0   0   0   0 
