
  32    4
  10   10   10   10

   0   0   0   0   0   3 2 9 11 
   2   1   1   1   0   1 3 
   9   5   5   3   0   2 22 4 
   6   5   1   0   1   1 5 
   9   4   0   6   3   3 31 10 6 
   7   3   0   3   6   1 7 
   5   3   5   0   5   3 24 14 8 
  10   3   0   6   4   2 16 12 
   8   0   5   3   5   3 19 16 13 
   7   6   2   4   0   1 12 
   9   3   3   0   5   1 12 
   2   0   3   7   5   3 19 17 13 
   2   4   0   2   3   2 30 15 
   3   0   3   2   3   2 19 16 
   2   6   0   4   2   1 18 
   9   3   0   8   3   1 17 
   9   5   6   0   4   1 20 
   9   5   5   0   4   1 20 
   5   2   5   0   4   1 20 
   5   2   0   7   2   1 21 
   2   2   2   3   0   1 23 
   4   6   5   0   4   1 23 
   1   7   0   1   4   1 25 
  10   6   4   3   0   1 25 
  10   0   5   6   1   1 26 
   2   5   6   0   6   2 29 27 
   7   3   5   4   0   1 28 
   2   5   4   0   3   1 32
   6   1   0   3   8   1 32
   8   5   4   0   7   1 32
   6   0   5   4   4   1 32
   0   0   0   0   0   0 
