
  32    4
  10   10   10   10

   0   0   0   0   0   3 2 5 6 
  10   1   1   0   1   3 13 12 3 
   9   7   3   0   4   2 15 4 
   1   5   5   0   5   4 31 30 14 7 
   8   5   0   1   3   3 30 14 7 
   7   0   4   3   2   3 30 14 7 
   4   4   5   0   9   3 21 19 8 
   7   6   0   5   1   3 22 18 9 
  10   4   0   4   5   2 27 10 
   7   1   0   6   3   2 25 11 
   4   0   3   1   3   4 29 28 26 16 
   8   9   0   8   6   3 27 26 16 
   5   2   0   4   3   3 31 18 17 
   5   1   0   4   6   3 24 23 21 
   3   8   4   0   4   3 27 23 20 
   5   6   0   4   5   1 17 
   7   0   6   3   4   2 23 20 
   3   3   0   3   6   2 23 20 
   2   3   3   0   2   2 25 23 
   2   1   5   3   0   1 24 
   3   3   0   6   4   1 25 
   4   3   4   3   0   1 25 
   7   4   4   5   0   1 32
   2   4   3   0   5   1 32
   5   7   7   0   5   1 32
  10   1   4   0   4   1 32
   8   0   1   6   3   1 32
   6   3   8   0   3   1 32
   2   4   0   2   5   1 32
   2   7   2   0   3   1 32
   3   2   4   5   0   1 32
   0   0   0   0   0   0 
