
  32    4
  10   10   10   10

   0   0   0   0   0   1 2 
  10   1   0   1   1   1 3 
   1   5   1   2   0   1 4 
   8   0   3   4   6   1 5 
   3   0   2   4   5   1 6 
   7   0   4   1   6   1 7 
  10   8   1   6   0   1 8 
   8   4   0   5   3   1 9 
   6   2   1   0   4   1 10 
   9   3   0   3   3   1 11 
  10   6   7   4   0   1 12 
   4   6   4   0   3   1 13 
   2   2   3   0   5   1 14 
   6   3   3   0   1   2 24 15 
   9   8   4   0   4   2 31 16 
   4  10   5   4   0   1 17 
   2   0   4   3   5   1 18 
   9   0   4   5   8   1 19 
   1   2   6   0   2   1 20 
   2   3   0   1   2   1 21 
   3   2  10   6   0   1 22 
   2   2   5   0   2   1 23 
  10   3   0   6   7   1 25 
  10   4   3   4   0   1 25 
   1   3   0   4   3   2 30 26 
   7   0   4   8   4   1 27 
   9   2   5   0   5   1 28 
   8   7   5   0   5   1 29 
   5   4   4   4   0   1 32
   7   2   0   4   5   1 32
  10   0   4   5   3   1 32
   0   0   0   0   0   0 
