
  32    4
  10   10   10   10

   0   0   0   0   0   3 2 3 31 
   9   1   1   1   0   2 30 4 
   4   2   3   0   1   2 30 4 
   5   5   0   7   6   2 10 5 
   1   5   5   5   0   2 14 6 
   2   0   2   3   3   3 29 22 7 
   6   6   3   6   0   1 8 
   5   6   2   0   3   2 17 9 
   8   0   5   5   6   2 28 11 
  10   3   5   0   3   3 28 14 12 
   6   6   8   3   0   2 21 12 
   5   0   4   5   5   1 13 
   5   8   0   1   2   2 27 15 
   3   2   6   3   0   1 15 
   9   0   3   2   3   1 16 
   8   6   4   2   0   3 26 20 18 
   5   0   3   3   3   4 26 25 24 23 
   2   2   4   0   3   3 25 24 19 
   6   3   7   0   5   1 23 
   8   6   0   5   6   1 24 
   4   4   4   5   0   1 23 
  10   2   6   6   0   1 23 
   1   3   3   0   3   1 32
  10   0   3   4   1   1 32
   2   3   0   4   6   1 32
   4   1   0   4   6   1 32
   4   6   0   4   4   1 32
   6   3   5   5   0   1 32
   7   5   3   0   5   1 32
   1   0   5   5   5   1 32
   1   4   2   0   5   1 32
   0   0   0   0   0   0 
