
  32    4
  10   10   10   10

   0   0   0   0   0   1 2 
   1   1   1   1   0   2 7 3 
  10   4   3   0   1   2 10 4 
   8   4   3   2   0   2 14 5 
   9   3   0   2   2   1 6 
   4   2   2   6   0   2 22 8 
   9   4   8   0   2   2 22 8 
   9   0   4   2   4   1 9 
   4   6   3   5   0   2 16 11 
   6   8   0   5   5   3 22 20 13 
   4   0   7   3   4   1 12 
   3   9   6   6   0   2 20 13 
   8   5   1   3   0   1 15 
   2   0   6   4   4   3 27 20 18 
   8   5   2   7   0   2 27 17 
   6   0   4   4   3   2 27 18 
   5   4   0   1   3   1 18 
   2   4   0   3   5   1 19 
   1   1   2   0   5   2 31 21 
   9   2   0   3   6   3 31 29 23 
   7   1   3   6   0   2 29 23 
   8   3   0   2   3   2 29 24 
   6   3   0   9   3   1 24 
   5   5   4   0   4   1 25 
   8   4   3   0   8   1 26 
   6   3   0   6   8   1 28 
  10   1   0   5   4   1 28 
   2   8   3   3   0   1 30 
   9   5   7   0   3   1 30 
   2   5   6   0   6   1 32
  10   0   6   4   1   1 32
   0   0   0   0   0   0 
