
  32    4
  10   10   10   10

   0   0   0   0   0   7 2 3 4 6 10 12 13 
   3   1   1   0   1   4 15 14 9 5 
   4   6   2   0   2   5 19 16 14 11 9 
   8   0   5   1   4   4 15 14 11 8 
   3   3   4   0   3   7 31 30 22 19 17 16 11 
   3   3   7   6   0   3 17 14 7 
   1   0   2   5   4   8 31 30 29 22 21 20 19 18 
  10   0   2   5   4   6 30 29 24 21 20 19 
   7   4   0   6   3   5 31 30 21 20 17 
   5   0   7   2   9   4 22 21 18 17 
   4   5   0   3   4   4 25 21 20 18 
   3   0   6   7   5   4 31 30 22 18 
   2   3   0   4   2   3 22 19 18 
   2   2   6   6   0   4 25 24 22 20 
   8   0   5   4   7   4 31 30 25 20 
   6   5   5   0   6   3 29 21 20 
   5   0   3   6   2   3 29 24 23 
  10   5   3   0   2   2 24 23 
   8   5   4   0   2   3 28 27 25 
   5   2   4   0   1   2 26 23 
   7   4   2   2   0   3 28 27 26 
  10   5   0   6   3   3 28 27 26 
   7   0   3   3   4   2 28 27 
   9   2   0   1   6   1 26 
   4   4   4   3   0   1 26 
   8   4   0   5   6   1 32
   2   4   6   0   5   1 32
   5   0   2   2   4   1 32
  10   7   3   0   5   1 32
   6   0   6   2   3   1 32
   1   6   0   5   7   1 32
   0   0   0   0   0   0 
