
  32    4
  10   10   10   10

   0   0   0   0   0   3 2 30 31 
   2   1   0   1   1   1 3 
   3   5   1   3   0   1 4 
   1   5   5   0   4   1 5 
   8   4   8   2   0   1 6 
   4   5   3   6   0   1 7 
   8  10   5   0   8   1 8 
   1  10   6   0   4   1 9 
   2   2   4   0   4   1 10 
   4   0   4   6   3   1 11 
   5   3   0   4   8   1 12 
   5   4   2   0   5   1 13 
  10   0   5   5   4   2 29 14 
  10   2   3   6   0   1 15 
   4   4   4   5   0   1 16 
   7   4   4   0   2   1 17 
   3   2   2   0   3   1 18 
   8   5   8   0   3   1 19 
   2   2   0   5   3   1 20 
   8   3   1   0   5   1 21 
   8   3   4   2   0   1 22 
   9   0   8   3   5   1 23 
   7   0   4   3   2   1 24 
   7   3   0   6   3   1 25 
   8   0   3   3   4   1 26 
   2   5   2   3   0   1 27 
   4   4   0   4   6   1 28 
   4   3   1   4   0   1 32
   4   3   5   5   0   1 32
  10   5   4   0   2   1 32
   7   3   0   4   5   1 32
   0   0   0   0   0   0 
