
  32    4
  10   10   10   10

   0   0   0   0   0   9 2 3 4 6 8 9 10 12 14 
   8   1   1   0   1   4 18 16 15 5 
   7   5   3   1   0   5 23 17 15 13 7 
   9   4   3   2   0   9 31 30 29 24 23 20 19 17 13 
  10   4   3   7   0   6 31 30 24 23 20 11 
   6   9   4   0   8   6 29 23 20 19 16 13 
   8   3   9   5   0   7 30 29 28 24 21 20 19 
   5   3   6   4   0   5 31 29 22 20 17 
   2   0   8   4   3   6 31 30 29 28 20 19 
   3   5   2   5   0   4 31 29 23 17 
   1   0   3   3   2   3 22 19 17 
   5   4   3   3   0   2 21 16 
   1   4   3   0   5   4 28 26 22 21 
   5   0   3   3   2   2 26 17 
   5   0   3   4   7   4 29 27 26 22 
   8   0   3   4   8   4 30 28 26 25 
   5   2   0   6   4   3 28 25 21 
   9   5   6   6   0   1 19 
   2   6   0   2   6   3 27 26 25 
   4   5   0   5   2   2 26 25 
  10   4   5   0   3   1 27 
   8   3   0   4   3   1 25 
   9   4   0   2   4   1 26 
   9   0   3   5   4   1 27 
   7   0   5   7   2   1 32
   2   0   3   4   3   1 32
  10   3   4   0   3   1 32
   8   4   0   3   5   1 32
   8   6   4   0   6   1 32
   8   3   5   0   3   1 32
   3   1   4   3   0   1 32
   0   0   0   0   0   0 
