
  32    4
  10   10   10   10

   0   0   0   0   0  10 2 3 4 5 6 7 12 13 30 31 
   5   0   1   1   1  10 28 26 25 23 22 21 19 18 10 8 
   7   0   5   2   5   9 29 23 22 19 18 17 16 15 8 
   6   1   0   2   2   8 27 23 21 18 17 16 14 11 
   2   4   3   0   5   6 27 22 18 17 16 9 
   7   8   4   5   0   6 26 25 21 20 15 14 
   2   3   0   5   5   3 17 16 9 
   5   9   2   2   0   3 24 20 14 
   5   4   0   6   3   1 14 
   6   4   6   4   0   1 14 
   9   3   0   3   3   1 19 
   4   6   0   5   5   1 15 
   3   4   5   0   4   1 15 
   3   5   0   4   5   1 32
   2   3   0   8   6   1 32
   8   0   3   6   4   1 32
   8   5   5   4   0   1 32
   6   3   6   0   3   1 32
   4   5   2   2   0   1 32
   6   0   3   7   1   1 32
   6   4   3   0   7   1 32
   5   2   0   5   3   1 32
   2   4   3   3   0   1 32
   7   3   6   4   0   1 32
   3   3   0   4   4   1 32
   7   3   4   3   0   1 32
   9   4   7   6   0   1 32
   5   4   5   1   0   1 32
   8   4   0   2   6   1 32
   3   3   5   4   0   1 32
  10   3   2   6   0   1 32
   0   0   0   0   0   0 
