
  32    4
  10   10   10   10

   0   0   0   0   0   3 2 4 6 
   8   1   1   1   0   2 9 3 
   5   6   7   0   1   3 10 8 5 
  10   3   5   3   0   2 8 5 
   9   4   4   1   0   2 31 7 
  10   4   3   0   4   2 31 7 
   6   2   1  10   0   3 19 14 11 
   4   5   0   2   2   3 31 14 11 
  10   0   3   4   5   5 23 20 19 16 12 
   3   6   5   0   4   5 31 20 19 17 12 
   3   4   0   2   7   4 23 20 16 12 
   1   0   5   5   1   1 13 
   5   2   0   4   3   3 30 27 15 
   9   0   4   2   4   4 29 28 23 21 
   4   3   8   0   2   2 29 18 
   6   0   4   3   4   1 17 
   4   3   0   4   3   5 29 28 27 26 24 
   2   5   8   0   4   3 28 22 21 
   7   5   6   6   0   3 30 27 21 
   7   2   0   3   5   1 21 
   3   3   0   4   7   2 26 24 
   1   5   1   0   5   2 26 25 
   8   6   0   5   4   2 27 25 
   4   6   3   0   5   1 25 
   2   6   2   3   0   1 32
   1   4   0   6   1   1 32
   1   4   0   6   5   1 32
   9   0   3   5   2   1 32
   1   4   0   5   4   1 32
   9   3   4   0   8   1 32
   8   0   3   4   6   1 32
   0   0   0   0   0   0 
