
  32    4
  10   10   10   10

   0   0   0   0   0   3 2 5 6 
   6   1   1   1   0   3 16 12 3 
   1   0   5   2   1   2 21 4 
   8   6   5   0   6   4 31 30 14 7 
   7   0   6   2   5   3 30 14 7 
   3   0   5   4   2   2 30 7 
   2   8   9   3   0   3 29 20 8 
   4   2   3   5   0   3 19 17 9 
   8   0   3   5   4   3 28 27 10 
   8   6   7   3   0   2 24 11 
   7   0   5   4   3   3 26 25 13 
   4   3   4   5   0   2 31 17 
   2   4   0   6   4   1 15 
   9   3   5   4   0   3 29 24 23 
   2   5   0   2   4   2 23 18 
   1   3   2   3   0   2 23 22 
   2   1   0   6   2   1 18 
   7   3   3   0   5   1 22 
   6   5   2   0   3   1 24 
   7   2   0   5   6   1 23 
   9   5   0   6   4   1 27 
   8   5   0   1   3   1 32
  10   4   3   5   0   1 32
  10   7   2   5   0   1 32
   7   0   5   2   6   1 32
   7   4   0   3   4   1 32
   7   2   5   2   0   1 32
   9   0   2   5   6   1 32
   8   0   2   9   4   1 32
   6   4   4   3   0   1 32
   7   5   0   7   4   1 32
   0   0   0   0   0   0 
