
  32    4
  10   10   10   10

   0   0   0   0   0   2 2 6 
   7   1   0   1   2   1 3 
   1   0   1   5   5   1 4 
   2   3   0   4   4   1 5 
   9   0   4   3   5   2 13 7 
   3   6   2   3   0   2 13 7 
   8   1   0   5   5   2 11 8 
   7   4   4   4   0   1 9 
   4   4   4   3   0   1 10 
   4   0   5   3   2   1 12 
   7   0   4   5   3   1 12 
   2   0   4   6   4   2 17 14 
   5   0   4   6   8   2 17 14 
   6   0   3   6   1   1 15 
   3   0   5   3   3   1 16 
   9   4   4   0   3   2 19 18 
   5   8   0   1   2   1 18 
   7   4   6   5   0   1 20 
   2   7   0   6   2   1 20 
   7   1   0   7   4   1 21 
   7   4   6   3   0   1 22 
   9   0   4   2   4   1 23 
   3   5   0   2   6   1 24 
   8   0   5   3  10   1 25 
   8   2   7   0   3   2 28 26 
   6   3   0   4   4   1 27 
   5   5   5   2   0   1 29 
   8   2   2   0   4   1 29 
   6   6   4   4   0   1 30 
   4   5   1   5   0   1 31 
  10   5   4   7   0   1 32
   0   0   0   0   0   0 
