
  32    4
  10   10   10   10

   0   0   0   0   0   3 2 3 5 
   9   1   0   1   1   1 4 
   3   5   1   0   7   1 4 
   3   3   6   2   0   3 8 7 6 
   2   0   4   4   4   2 8 7 
   3   6   1   2   0   1 9 
   8   6   2   6   0   2 11 10 
   4   4   5   0   5   2 11 10 
  10   4   3   3   0   2 11 10 
   7   6   0   3   2   2 13 12 
   7   3   0   6   1   1 12 
   6   4   0   2   3   2 16 14 
   8   3   0   6   6   1 14 
  10   0   5  10   2   2 17 15 
   6   2   0   6   4   2 19 18 
   7   0   6   4   1   1 17 
   2   5   4   8   0   2 23 20 
   6   4   0   4   5   2 23 20 
   5   4   4   6   0   2 23 20 
  10   2   3   6   0   1 21 
   8   0   5   1   6   1 22 
   1   4   0   3   4   2 27 24 
   8   4   5   0   5   1 24 
   7   4   8   2   0   3 31 26 25 
  10   0   3   3   4   2 30 29 
   2   5   2   0   6   1 28 
   7   3   0   2   4   1 28 
   5   5   6   5   0   1 32
   5   5   0   2   6   1 32
   2   0   3   5   4   1 32
   9   4   4   2   0   1 32
   0   0   0   0   0   0 
