
  32    4
  10   10   10   10

   0   0   0   0   0   5 2 4 6 8 11 
   6   1   1   0   1   2 15 3 
   3   4   6   0   2   2 10 5 
   9   4   5   1   0   3 15 10 7 
   8   5   6   0   5   3 31 12 9 
   9   6   5   0   4   3 15 13 10 
   3   6   2   5   0   4 31 29 14 12 
   1   4   6   0   1   2 13 10 
   7   2   2   0   5   3 17 16 13 
   7   0   4   5   3   4 23 19 17 14 
   2   2   7   6   0   2 17 13 
  10   2   2   3   0   6 30 28 23 19 18 16 
  10   5   3   7   0   3 29 23 14 
   3   6   0   4   4   6 30 28 26 21 20 18 
  10   4   5   4   0   3 29 28 16 
   1   6   4   0   3   3 26 24 21 
   7   4   0   2   7   3 29 26 24 
  10   3   3   5   0   2 24 22 
   7   2   5   0   2   1 20 
   9   5   0   3   7   2 27 24 
   4   2   4   0   8   1 25 
   7   3   5   4   0   1 25 
   2   2   3   3   0   1 26 
   5   4   0   3   2   1 32
   9   6   6   5   0   1 32
   2   6   4   0   3   1 32
   8   5   1   0   3   1 32
   7   0   4   4   3   1 32
  10   3   2   0   2   1 32
   7   5   5   0   7   1 32
   6   5   4   0   8   1 32
   0   0   0   0   0   0 
