
  32    4
  10   10   10   10

   0   0   0   0   0  18 2 3 4 5 8 9 20 21 22 23 24 25 26 27 28 29 30 31 
   9   1   1   0   1   5 19 18 17 16 6 
   3   2   5   1   0   2 11 7 
   9   4   5   0   2   2 15 12 
   6   5   0   3   2   2 12 10 
   8   2   3   4   0   1 14 
   1   3   5   3   0   1 13 
   5   0   4   4   8   1 11 
   7   7   6   4   0   1 10 
   7   3   3   5   0   1 32
   3   0   6   6   4   1 32
   1   6   4   3   0   1 32
   3   0   6   7   7   1 32
   9   6   2   5   0   1 32
  10   3   6   3   0   1 32
   8   6   0   5   2   1 32
   3   0   3   3   4   1 32
   8   6   4   5   0   1 32
   4   5   0   4   6   1 32
   6   5   2   0   6   1 32
   8   5   0   5   4   1 32
   1   3   5   3   0   1 32
   2   3   3   6   0   1 32
   6   2   0   3   3   1 32
   9   1   0   3   5   1 32
   3   0   3   5   1   1 32
   4   6   3   7   0   1 32
   3   5   3   0   4   1 32
   2   3   5   1   0   1 32
   6   0   5   3   7   1 32
   6   0   4   3   2   1 32
   0   0   0   0   0   0 
