
  32    4
  10   10   10   10

   0   0   0   0   0   2 2 6 
   8   1   1   0   1   1 3 
   4   8   0   1   2   2 18 4 
   8   4   2   0   3   1 5 
   2   0   6   9   3   2 10 7 
  10   3   0   3   1   1 7 
  10   0   4   5   2   1 8 
   4   2   8   3   0   1 9 
   4   2   4   2   0   2 24 11 
   3   2   2   5   0   2 24 12 
   5   5   0   3   7   1 12 
   8   8   0   4   4   1 13 
   9   2   0   5  10   1 14 
   3   4   3   2   0   2 22 15 
   7   5   3   0   7   1 16 
   4   3   2   0   4   1 17 
   5   6   0   5   4   1 19 
   4   0   3   4   4   1 19 
   2   6   0   4   5   1 20 
   9   0   4   3   3   1 21 
  10   2   6   0   3   1 23 
   4   3   0   5   4   1 23 
  10   5   4   0  10   2 31 25 
   3   4   6   3   0   1 25 
   6   4   0   4   4   1 26 
   3   4   8   9   0   1 27 
   3   6   4   2   0   1 28 
   9   0   1   2   3   1 29 
   2   5   0   2   2   1 30 
   6   0   5   6   5   1 32
   8   2   0   5   1   1 32
   0   0   0   0   0   0 
