
  32    4
  10   10   10   10

   0   0   0   0   0   3 2 3 5 
   2   1   1   1   0   2 10 4 
   5   6   0   4   1   2 10 4 
   2   2   3   0   4   2 9 6 
   9   3   0   3   2   3 10 9 8 
   1   2   4   0   3   1 7 
   9   0   4   2   3   2 11 8 
   5   0   7   5   7   3 18 13 12 
   9   0   3   5   8   1 11 
   8   0   4   7   7   1 11 
   2   2   4   1   0   2 18 12 
   9   5   4   4   0   1 14 
   1   0   3   2   4   1 14 
  10   0   4   5   4   2 19 15 
   6   0   6   2   4   2 17 16 
   1   5   4   4   0   2 23 20 
   3   5   7   0   5   2 23 20 
   2   0   6   7   3   1 19 
  10   3   3   5   0   1 20 
   5   0   5   4   2   1 21 
   1   4   0   5   4   1 22 
   7   4   5   0   3   2 26 24 
  10   4   4   0   3   1 24 
  10   3   0   4   2   5 31 30 29 27 25 
   7   5   3   1   0   1 28 
   5   6   0   8   2   1 27 
   7   0   3   5   4   1 32
   8   8   3   0   7   1 32
   2   0   5   2   3   1 32
   6   4   0   2   6   1 32
   3   0   1   8   5   1 32
   0   0   0   0   0   0 
