
  32    4
  10   10   10   10

   0   0   0   0   0   4 2 29 30 31 
   8   0   1   1   1   1 3 
   2   0   6   6   9   1 4 
   8   1   0   1   2   1 5 
   7   0   3   4   5   1 6 
   9   0   4   4   3   1 7 
   1   0   4   7   4   2 28 8 
   4   3   3   0   6   2 27 9 
   5   0   6   5   3   1 10 
   2   0   5   3   2   1 11 
   3   0   6   3   4   1 12 
   8   0   4   4   4   1 13 
   2   3   0   2   6   1 14 
  10   3   2   0   4   1 15 
   7   8   0   5   5   2 26 16 
   6   3   2   4   0   1 17 
   9   0   3   3   5   1 18 
   3   5   0   3   5   1 19 
   2   3   0   4   3   1 20 
   3   5   4   0   5   1 21 
   2   5   5   6   0   1 22 
   5   2   3   5   0   1 23 
   2   6   0   6   3   1 24 
   2   6   0   4   3   1 25 
  10   3   1   4   0   1 32
   2   4   0   5   3   1 32
   3   4   0   2   3   1 32
   8   0   7   6   6   1 32
   4   4   0   7   4   1 32
   6   4   0   3   3   1 32
   1   0   7   1   3   1 32
   0   0   0   0   0   0 
