
  32    4
  10   10   10   10

   0   0   0   0   0   3 2 6 7 
   5   0   1   1   1   1 3 
   9   0   2   2   3   2 19 4 
   5   1   5   1   0   1 5 
   6   5   0   4   3   3 23 11 8 
   3   6   6   0   5   3 23 11 9 
  10   4   2   7   0   1 8 
   2   0   5   7   6   1 9 
   7   4   0   4   7   2 14 10 
   2   2   3   0   3   3 18 15 12 
   2   5   4   0   2   2 15 12 
   3   3   2   0   6   2 16 13 
  10   5   0   3   9   2 31 17 
   9   0   6   4   1   1 15 
   6   6   4   5   0   1 16 
   1   0   4   3   3   1 20 
   9   5   0   4   7   1 21 
   5   4   8   5   0   1 20 
  10   3   0   4   4   1 20 
   3   0   5   3   4   1 22 
  10   0   1   3   2   1 22 
   5   3   3   0   2   1 24 
   4   4   4   3   0   1 24 
   3   4   8   4   0   1 25 
   6   0   3   5   4   1 26 
  10   0   4   7   3   1 27 
  10   5   6   4   0   2 30 28 
   5   5   0   4   3   1 29 
   1   4   0   5   5   1 32
   8   3   3   0   5   1 32
   2   3   3   0   4   1 32
   0   0   0   0   0   0 
