
  32    4
  10   10   10   10

   0   0   0   0   0   3 2 13 18 
   5   1   0   1   1   1 3 
   2   5   0   8   3   2 22 4 
   9   0   1   1   3   1 5 
   4   4   0   2   2   3 31 10 6 
   8   3  10   0   6   1 7 
  10   0   3   6   5   3 30 12 8 
   5   5   0   2   6   2 14 9 
   9   0   4   4   6   3 20 17 11 
   3   5   0   4   5   3 29 17 15 
   7   0   2   6   4   2 29 15 
   7   0   4   6   6   1 14 
   1   0   4   2   4   1 14 
   1   1   1   4   0   2 20 19 
   4   0   5   6   4   1 16 
   3   0   3   3   3   1 19 
  10   7   4   0   2   1 19 
   6   4   4   0   6   1 19 
   4   7   4   2   0   1 21 
   5   5   3   5   0   1 21 
  10   0   3   4   3   1 23 
   7   3   0   2   4   1 23 
   7   6   0   5   4   1 24 
   2   0   8   5   7   1 25 
   5   5   2   0   2   2 28 26 
   3   2   4   0   1   1 27 
   7   3   0   7   5   1 32
   4   3   0   2   3   1 32
   1   2   6   0   6   1 32
   6   0   6   5   3   1 32
   3   5   3   0   4   1 32
   0   0   0   0   0   0 
