
  32    4
  10   10   10   10

   0   0   0   0   0   1 2 
   1   0   1   1   2   2 7 3 
   6   0   3   3   5   2 11 4 
   8   0   4   5   3   2 14 5 
   2   1   3   0   4   1 6 
   6   5   5   0   3   2 22 8 
   5   2   5   6   0   1 8 
   5   2   4   3   0   1 9 
   4   0   3   5  10   2 16 10 
   9   4   0   1   3   1 12 
   1   4   4   0   4   3 22 21 15 
   7   0   3   2   5   2 21 13 
   8   4   0   7   4   1 15 
   9   6   1   2   0   3 27 21 18 
   3   0   6   2   4   2 27 17 
   4   0   3   4   3   2 27 18 
   8   6   4   3   0   1 18 
   6   5   3  10   0   1 19 
   9   5   1   0   2   2 31 20 
   2   2   5   7   0   2 29 23 
   7   2   8   2   0   2 29 23 
   7   4   9   0   4   2 29 25 
   7   4   5   0   4   1 24 
   7   0   5   3   5   1 25 
   5   0   3   4   5   1 26 
   1   2   5   0   2   1 28 
   7   4   4   0   4   1 28 
   5   6   3   0   5   1 30 
   9   3   5   6   0   1 30 
   8   6   4   0   3   1 32
   8   7   3   0   4   1 32
   0   0   0   0   0   0 
