
  32    4
  10   10   10   10

   0   0   0   0   0   3 2 15 31 
   4   1   1   0   1   1 3 
   6   0   3   1   6   2 24 4 
   8   3   0   3   2   1 5 
   3   4   4   0   4   1 6 
   6   4   5   0   4   1 7 
   7   9   3   3   0   2 30 8 
   5   5   0   3   3   1 9 
   5   0   7   4   3   2 29 10 
   4   3   0   3   3   1 11 
   6   0   2   5   5   1 12 
   7   3   2   0   8   1 13 
   9   5   5   4   0   1 14 
   7   0   5   7   6   1 16 
   5   2   4   0   5   1 16 
   1   0   4   5   4   1 17 
   5   0   4   3   3   1 18 
   4   7   0   4   6   1 19 
  10   0   3   3   4   2 28 20 
   4   3   7   0   4   1 21 
   3   2   2   3   0   1 22 
   7   0   4   4   1   1 23 
   2   2   3   0   7   1 25 
   9   6   0   4   4   1 25 
   5   5   7   6   0   1 26 
   3   4   0   3   3   1 27 
   1   4   5   6   0   1 32
   9   6   0   5   3   1 32
   4   2   4   0   4   1 32
   9   4   0   3   3   1 32
  10   0   4   6   4   1 32
   0   0   0   0   0   0 
