
  32    4
  10   10   10   10

   0   0   0   0   0   1 2 
   8   0   1   1   1   1 3 
  10   1   3   6   0   1 4 
   1   4   6   4   0   1 5 
   4   4   0   6   6   1 6 
   5   4   6   4   0   1 7 
   2   7   5   4   0   1 8 
   7   0   3   5   5   1 9 
   4   7   0   3   6   1 10 
  10   5   3   7   0   2 31 11 
   6   0   5   4   5   1 12 
   2   2   6   0   3   1 13 
   7   0   9   5   3   2 30 14 
   6   5   5   6   0   1 15 
   6   3   0   3   3   1 16 
   8   4   0   1   3   1 17 
  10   3   2   0   4   1 18 
  10   0   3   5   4   1 19 
   5   1   0   2   4   1 20 
   7   5   0   6   2   2 29 21 
   5   2   3   0   4   1 22 
   2   0   4   1   6   1 23 
   8   0   3   5   6   1 24 
  10  10   2   5   0   1 25 
   1   2   5   0   5   1 26 
   9   0   3   2   3   1 27 
   3   5   3   4   0   1 28 
   6   0   5   4   5   1 32
  10   1   2   0   4   1 32
   8   6   4   3   0   1 32
   7   3   5   0   2   1 32
   0   0   0   0   0   0 
