
  32    4
  10   10   10   10

   0   0   0   0   0   3 2 4 6 
   2   1   0   1   1   2 9 3 
   6   5   1   4   0   3 10 8 5 
   4   0   5   1   8   2 8 5 
   5   2   7   0   4   2 31 7 
   7   4   7   0   4   2 31 7 
   4   3   2   0   2   3 19 14 11 
   2   0   1   7   3   3 31 14 11 
   6   4   0   4   3   5 23 20 19 16 12 
   8   0   5   8   3   5 31 20 19 17 12 
   3   0   4   4   4   4 23 20 16 12 
   1   3   0   4   3   1 13 
   1   6   4   4   0   3 30 27 15 
  10   2   0   3   2   3 23 21 17 
   5   6   0   7   3   2 29 18 
   7   3   0   2   4   1 17 
   1   5   0   4  10   5 29 28 27 26 24 
   8   0   5   3   2   3 28 22 21 
   9   4   7   1   0   3 30 27 21 
   2   0   4   4   3   1 21 
   2   7   0   5   3   2 26 24 
   8   7   6   2   0   2 26 25 
   6   2   3   4   0   2 27 25 
   4   6   5   7   0   1 25 
   9   3   2   0   3   1 32
   3   0   1   3   3   1 32
   1   5   5   0   7   1 32
   6   0   2   7   5   1 32
   4   0   4   3   6   1 32
   4   3   0   4   7   1 32
   9   3   4   0   3   1 32
   0   0   0   0   0   0 
