
  32    4
  10   10   10   10

   0   0   0   0   0   7 2 3 4 6 10 13 14 
   2   1   1   1   0   4 15 11 9 5 
   6   6   0   4   1   5 19 17 15 12 9 
   3   6   0   5   5   4 15 12 11 8 
   4   0   7   4   7   7 31 30 22 19 17 16 12 
   5   3   5   2   0   2 16 7 
   7   3   0   3   4   7 31 30 29 21 19 18 15 
   8   0   2   6   3   6 31 29 24 21 20 19 
   4   0   5   2   7   4 31 30 20 16 
   3   4   5   4   0   4 30 22 18 16 
   1   8   2   3   0   5 31 30 25 21 20 
   1   4   3   4   0   4 25 21 20 18 
   6   3   2   3   0   4 31 30 22 18 
   7   2   5   4   0   3 22 19 18 
   5   3   0   2   4   4 25 24 22 20 
   2   0   4   4   2   4 29 24 23 21 
   6   5   3   0   4   3 29 21 20 
   6   2   5   0   8   2 24 23 
   9   4   4   0   4   3 28 27 25 
   6   0   5   2   5   2 26 23 
   4   3   7   6   0   3 28 27 26 
   8   0   3   5   4   3 28 27 26 
   1   5   6   6   0   2 28 27 
   4   0   2   7   3   1 26 
   5   6   0   5   3   1 26 
   2   4   2   0   3   1 32
   6   0   4   7   6   1 32
   8   3   4   0   3   1 32
   6   4   6   4   0   1 32
   6   5   0   4   2   1 32
   4   4   0   3   2   1 32
   0   0   0   0   0   0 
