
  32    4
  10   10   10   10

   0   0   0   0   0   2 2 8 
   9   1   1   0   1   1 3 
   5   3   0   1   3   1 4 
   2   0   2   4   5   1 5 
   9   3   0   3   6   1 6 
   1   0   6   6   5   1 7 
   4   1   0   3   4   1 9 
   1   0   2   6   8   1 9 
  10   3   4   0   2   1 10 
   2   0   2   6   1   1 11 
   7   4   6   3   0   1 12 
  10   2   0   3   2   1 13 
   4   8   7   0   3   1 14 
   3   0   7   6   5   1 15 
   2   0   3   3   3   1 16 
   3   0   4   4   3   1 17 
   8   5   6   5   0   2 21 18 
   7   7   6   0   3   1 19 
  10   5   4   0   6   1 20 
   9   4   6   7   0   2 26 22 
   9   5   0   5   2   2 26 23 
   1   4   5   0   7   1 23 
   6   0   2   4   5   3 27 25 24 
   8   4   5   4   0   2 31 28 
   7   3   0   2   3   2 31 29 
   8   0   3   2   4   1 28 
   3   0   4   2   5   2 31 30 
   3   5   0   3   5   1 29 
  10   0   2   6   5   1 30 
   5   6   4   0   4   1 32
   5   3   1   4   0   1 32
   0   0   0   0   0   0 
