
  32    4
  10   10   10   10

   0   0   0   0   0   3 2 3 31 
   8   0   1   1   1   2 30 4 
   6   1   0   6   2   2 30 4 
   5   1   1   7   0   2 8 5 
   4   6   0   4   4   2 13 6 
   1   3   4   0   6   2 29 7 
   3   7   0   2   3   2 23 9 
   2   6   5   6   0   3 15 13 10 
   3   0   5   2   4   2 15 10 
   9   5   6   6   0   2 22 11 
   2   0   3   3   5   2 19 12 
   6   1   6   6   0   1 14 
   9   3   5   0   6   1 14 
   8   3   5   0   4   2 28 16 
   8   1   0   5   1   4 28 27 21 18 
  10   0   7   2   3   1 17 
   7   0   5   2   3   3 27 21 18 
   2   3   1   3   0   3 26 25 20 
  10   0   4   3   3   1 20 
   2   1   0   4   2   1 24 
   7   5   4   6   0   1 25 
   4   7   0   6   4   1 28 
   5   0   4   2   6   1 24 
   2   0   2   6   3   1 32
   8   7   3   5   0   1 32
   7   0   6   4   5   1 32
   4   7   4   3   0   1 32
   9   4   0   1   8   1 32
  10   5   3   1   0   1 32
   1   4   0   4   5   1 32
  10   4   0   8   6   1 32
   0   0   0   0   0   0 
