
  32    4
  10   10   10   10

   0   0   0   0   0   3 2 30 31 
   6   1   1   2   0   1 3 
   2   8   5   0   1   3 23 20 4 
   2   6   3   5   0   1 5 
   6   6   3   0   3   2 29 6 
   4   5   3   5   0   1 7 
   8   3   4   7   0   3 28 12 8 
   8   6   2   5   0   2 16 9 
   7   0   5   4   5   2 19 10 
   2   5   0   4   5   2 26 11 
   1   2   5   0   5   1 13 
   4   5   4   0   5   2 27 15 
   1   5   5   0   5   1 14 
   7   3   6   4   0   1 15 
   3   1   8   2   0   1 17 
   1   0   6   2   5   1 17 
   1   0   7   3   5   1 18 
   2   0   3   6   5   1 21 
   4   0   2   3   2   1 21 
   1   2   0   2   5   1 21 
   4   0   5   1   6   2 24 22 
   3   5   3   3   0   1 25 
   3   4   0   3   3   1 24 
   8   4   4   0   5   1 32
  10   3   0   8   5   1 32
   6   3   2   0   5   1 32
   7   4   0  10   2   1 32
   9   0   4   3   2   1 32
   2   5   2   4   0   1 32
   3   2   0   2   3   1 32
   7   4   4   0   2   1 32
   0   0   0   0   0   0 
