
  32    4
  10   10   10   10

   0   0   0   0   0  10 2 3 4 5 6 8 12 13 30 31 
   7   1   1   1   0  11 28 26 25 24 23 22 21 19 17 16 10 
  10   3   0   4   1   8 29 23 21 20 18 16 15 7 
  10   0   4   5   5   7 27 23 22 19 18 14 11 
   5   3   8   4   0   5 26 25 22 17 15 
   3   7   0   3   3   4 21 20 19 9 
  10   5   3   4   0   3 24 17 14 
   5   3   4   0   5   3 20 18 14 
   3   4   0   3   6   1 14 
   8   5   4   0   3   1 14 
   8   0   3   3   2   1 16 
   3   0   6   5   7   1 15 
   2   3   0   6   3   1 15 
   8   3   3   3   0   1 32
   6   5   4   5   0   1 32
   5   0   5   7   3   1 32
   3   3   0   3   5   1 32
   2   5   3   5   0   1 32
   3   1   5   0   6   1 32
   6   2   3   3   0   1 32
   2   7   3   0   4   1 32
   2   2   2   6   0   1 32
   5   2   3   5   0   1 32
   9   5   9   2   0   1 32
   1   0   5   5   2   1 32
   4   6   0   2   2   1 32
   6   3   2   5   0   1 32
   6   5   4   0   6   1 32
   2   7   0   1   5   1 32
  10   6   4   6   0   1 32
   9   4   0   4   4   1 32
   0   0   0   0   0   0 
