
  32    4
  10   10   10   10

   0   0   0   0   0   3 2 8 31 
   7   1   1   1   0   2 30 3 
   9   4   0   6   1   2 28 4 
   7   7   0   3   3   1 5 
   6   5   0   4   3   3 27 25 6 
   2   5   0   3   6   2 26 7 
   8   6   4   5   0   3 24 23 9 
   1   3   4   4   0   5 29 25 23 22 13 
   2   7   0   4   4   1 10 
   7   5   5   4   0   2 22 11 
   2   0   4   2   6   1 12 
   2   4   6   6   0   1 13 
   2   7   2   0   2   2 21 14 
   8   2   6   5   0   4 20 19 18 15 
   8   3   0   3   5   1 16 
   4   4   0   6   1   1 17 
   9   5   4   0   7   1 32
  10   4   2   3   0   1 32
  10   4   2   0   2   1 32
   2   5   0   2   5   1 32
   8   1   5   0   4   1 32
   3   0   6   6   4   1 32
   8   5   5   0   4   1 32
  10   4   0   3   6   1 32
   3   0   2   5   6   1 32
   9   2   0   4   5   1 32
   8   1   0   2   4   1 32
   6   6   6   0   2   1 32
  10   3   0   4   5   1 32
   4   2   0   8   3   1 32
   1   3   4   3   0   1 32
   0   0   0   0   0   0 
