
  32    4
  10   10   10   10

   0   0   0   0   0   5 2 4 6 8 11 
   6   1   1   1   0   2 15 3 
   6   6   0   4   2   2 10 5 
   7   0   2   3   2   3 15 10 7 
   8   4   3   0   8   4 31 17 12 9 
   2   0   1   5   1   4 16 15 13 10 
   7   0   4   5   2   4 31 28 14 12 
  10   0   4   8   3   2 13 10 
   1   4   0   4   3   2 16 13 
  10   5   4   6   0   7 30 29 26 22 19 18 17 
   1   5   7   4   0   1 13 
   9   2   3   0   6   6 30 29 22 19 18 16 
   4   2   4   0   2   3 28 22 14 
   1   5   4   0   6   6 30 29 26 23 20 18 
   2   0   6   3   2   4 28 26 25 23 
   9   4   4   4   0   3 26 24 23 
   8   3   3   4   0   3 28 24 23 
   2   4   0   3   2   2 24 21 
   5   4   0   1   4   2 24 20 
   5   5   0   5  10   1 27 
   9   7   9   6   0   1 25 
   6   4   6   0   5   1 23 
   6   0   5   5   3   1 32
   5   5   3   0   6   1 32
   7   0   2   5   6   1 32
   6   0   9   4   6   1 32
   9   4   0   4   4   1 32
   6   0   2   1   3   1 32
   1   5   2   5   0   1 32
   1   2   0   3   2   1 32
   9   3   0   3   4   1 32
   0   0   0   0   0   0 
