
  32    4
  10   10   10   10

   0   0   0   0   0   6 2 27 28 29 30 31 
  10   1   1   1   0   2 26 3 
   6   2   5   6   0   1 4 
   5   3   0   5   1   1 5 
  10   5   7   2   0   1 6 
   6   3   3   5   0   1 7 
   1   4   3   5   0   1 8 
   8   0   2   2   2   1 9 
   5   4   3   0   5   1 10 
   8   0   2   3   1   1 11 
   9   4   6   0   5   1 12 
   7   0   2   3   6   1 13 
   9   6   4   0   8   1 14 
   4   5   6   2   0   1 15 
   8   4   2   6   0   1 16 
   5   0   6   3   6   1 17 
   8   0   4   2   4   1 18 
   3   4   0   3   4   1 19 
   9   0   4   4   4   1 20 
   5   4   4   0   2   1 21 
   1   6   0   6   6   1 22 
   9   1   0   6   2   1 23 
   8   3   2   0   4   1 24 
   4   9   6   6   0   1 25 
   9   0   8   6   5   1 32
   8   5   2   0   3   1 32
   8   7   2   4   0   1 32
   6   0   5   3   2   1 32
   4   3   4   5   0   1 32
   1   1   7   4   0   1 32
   3   4   4   0   6   1 32
   0   0   0   0   0   0 
