
  32    4
  10   10   10   10

   0   0   0   0   0   3 2 4 6 
   5   1   0   1   1   2 11 3 
   2   3   1   3   0   3 10 9 5 
   1   4   0   2   4   2 9 5 
   1   0   3   7   2   2 31 7 
   8   4   0   3   3   2 31 7 
   9   4   3   5   0   3 18 15 8 
   7   6   3   0   3   3 20 17 12 
   4   3   6   0   5   6 31 30 22 20 17 16 
   5   3   4   0   4   4 20 19 18 14 
   6   3   3   0   4   2 17 13 
   1   3   0   4   4   1 13 
   8   4   8   4   0   3 30 27 14 
  10   6   0   6   4   2 29 16 
   2   0   6   6   3   3 28 22 21 
   8   0   2   4   3   3 28 24 21 
   1   3   0   3   1   2 29 19 
   6   0   4   6   5   4 30 27 26 23 
   2   0   2   3   8   3 27 26 23 
   8   2   2   0   4   1 21 
   6   0   4   7   5   2 26 23 
   9   4   4   3   0   2 27 25 
   8   5   6   0   3   1 25 
  10   3   5   3   0   1 26 
   9   3   0   5   5   1 32
   6   3   4   6   0   1 32
   9   4   6   5   0   1 32
   2   6   0   3   9   1 32
  10   7   4   0   5   1 32
   8  10   0   1   3   1 32
   8   2   0   2   4   1 32
   0   0   0   0   0   0 
