
  32    4
  10   10   10   10

   0   0   0   0   0   3 2 10 31 
   9   1   1   1   0   1 3 
   5   4   2   6   0   2 14 4 
   3   2   0   4   1   1 5 
   7   7   9   4   0   1 6 
   9   0   2   3   5   1 7 
   9   0   5   7   5   2 30 8 
   2   4   0   2   2   1 9 
   5   0   4   4   3   2 29 11 
   4   3   4   7   0   2 29 12 
   1   2   0   4   4   1 12 
   7   5   0   2   6   1 13 
   4   6   6   4   0   1 15 
   2   0   6   7   5   1 15 
   4   3   3   4   0   1 16 
   2   5   0   2   7   1 17 
  10   0   4   4   4   1 18 
   4   2   0   1   3   1 19 
   2   3   4   0   6   1 20 
   7   6   3   0   3   1 21 
  10   5   0   4   4   2 28 22 
   5   0   3   4   2   1 23 
   8   4   6   0   3   1 24 
   5   4   6   4   0   1 25 
   2   0   5   2   5   1 26 
   3   5   4   5   0   1 27 
   3   0   4   8   3   1 32
   1   5   2   0   6   1 32
   8   0   3   5   2   1 32
   1   0   5   3   4   1 32
   5   0   1   3   5   1 32
   0   0   0   0   0   0 
