
  32    4
  10   10   10   10

   0   0   0   0   0  14 2 3 4 5 9 10 11 14 15 16 17 29 30 31 
   2   1   1   1   0   5 28 27 8 7 6 
   4   0   2   6   1   5 26 25 24 7 6 
   4   3   7   2   0   5 24 22 21 12 6 
   9   8   4   0   2   4 24 21 13 12 
   8   0   4   3   2   3 23 20 18 
   4   4   3   2   0   3 22 19 18 
   5   0   6   5   5   3 25 21 18 
   2   6   0   4   6   3 23 22 18 
   2   3   0   2   3   2 24 20 
   1   3   3   4   0   2 21 18 
   2   5   0   2   6   1 18 
   2   3   1   3   0   1 19 
   5   5   0   3   2   1 26 
   5   0   3   3   6   1 20 
   6   0   3   8   4   1 19 
   9   6   7   5   0   1 19 
   1   3   0   4   3   1 32
   3   3   0   3   3   1 32
   8   0   7   3   8   1 32
   6   0   4   7   4   1 32
   4   1   2   3   0   1 32
   2   2   3   0   5   1 32
   2   6   3   5   0   1 32
   8   6   5   6   0   1 32
   4   3   0   5   5   1 32
   9   4   4   3   0   1 32
   6   0  10   6   3   1 32
   6   2   0   4   4   1 32
   3   7   0   6   7   1 32
   4   0   2   4   1   1 32
   0   0   0   0   0   0 
