
  32    4
  10   10   10   10

   0   0   0   0   0   4 2 29 30 31 
   7   1   1   0   1   2 28 3 
   4   0   3   1   4   1 4 
   8   0   7   1   1   2 27 5 
   2   6   0   2   5   1 6 
  10   4   0   7   2   1 7 
   7   6   0   5   4   3 26 25 8 
   4   2   3   0   4   1 9 
   1   7   3   0   3   2 24 10 
   3   5   8   0   4   1 11 
   3   3   6   6   0   2 23 12 
   5   2   0   2   3   1 13 
   4   5   6   3   0   1 14 
  10   6   2   0   2   1 15 
   3   4   0   4   4   1 16 
   6   4   5   7   0   1 17 
   7   3   0   4   7   1 18 
   3   6   4   7   0   1 19 
   4   2   0   5   4   1 20 
   4   5   0   5   3   1 21 
   3   2   0   1   1   1 22 
   8   1   0   6   5   1 32
   3   1   2   0   4   1 32
   3   5   3   0   6   1 32
   8   0   5   4  10   1 32
   4   5   4   2   0   1 32
  10   4   0   4   6   1 32
   6   6   3   0   3   1 32
   1   5   0   6   6   1 32
   1   5   3   3   0   1 32
   2   3   0   3   4   1 32
   0   0   0   0   0   0 
