
  32    4
  10   10   10   10

   0   0   0   0   0   1 2 
   8   1   1   0   1   1 3 
   4   3   2   1   0   1 4 
   2   3   4   0   4   1 5 
   4   2   6   4   0   1 6 
   1   4   2   0   3   1 7 
   9   6   0   4   4   1 8 
   5   6   6   0   2   1 9 
   6   0   4   5   1   1 10 
   6   5   3   9   0   2 25 11 
  10   4   0   4   4   1 12 
   6   0   5   4   2   2 31 13 
   6   0   6   8   3   1 14 
   8   4   8   4   0   1 15 
  10   7   0   3   6   1 16 
   5   4   3   1   0   1 17 
   4   6   0   5   5   1 18 
   4   4   4   3   0   1 19 
   7   0   2   2   5   1 20 
   5   2   6   3   0   1 21 
   9   5   0   2   8   1 22 
   8   2   0   3   4   1 23 
   3   8   2   7   0   2 30 24 
  10   2   3   2   0   1 26 
   6   4   4   0   2   2 30 28 
   5   2   3   4   0   1 27 
  10   4   5   0   6   1 28 
   6   0   2   2   3   1 29 
   1   0   5   4   5   1 32
   8   4   0   8   8   1 32
   5   0   6   4   4   1 32
   0   0   0   0   0   0 
