
  32    4
  10   10   10   10

   0   0   0   0   0   3 2 13 18 
   6   1   0   1   1   1 3 
   1   4   1   8   0   2 22 4 
   5   3   0   4   3   1 5 
   8   1   4   0   5   3 31 10 6 
   5   0   4   5   4   1 7 
   3   7   4   4   0   3 27 12 8 
  10   5   9   2   0   2 14 9 
   5   5   0   3   3   3 20 17 11 
   8   0   7   4   3   3 30 17 15 
   2   0   2   5   5   2 30 15 
   7   7   0   4   3   1 14 
   4   4   5   1   0   1 14 
   5   6   0   2   7   2 20 19 
   6   0   3   3   3   1 16 
   7   4   0   3   4   1 19 
   1   0   1   4   5   1 19 
   7   2   4   5   0   1 19 
   1   6   4   0   5   1 21 
  10   3   4   3   0   1 21 
  10   3   0   6   2   1 23 
   8   0   3   8   3   1 23 
   6   4   2   3   0   1 24 
   9   2   6   0   2   1 25 
   3   4   5   3   0   2 29 26 
   8   2   5   0   6   1 28 
  10   5   3   0   5   1 28 
  10   6   3   5   0   1 32
   2   0   4   5   4   1 32
   6   5   0   5   5   1 32
   8   3   5   0   6   1 32
   0   0   0   0   0   0 
