
  32    4
  10   10   10   10

   0   0   0   0   0   3 2 4 5 
   6   0   1   1   1   2 10 3 
   1   1   0   4  10   3 9 7 6 
   5   2   0   5   5   3 9 7 6 
   6   3   0   6   1   2 9 6 
   6   2   5   0   2   1 8 
   1   7   4   2   0   1 8 
   4   6   0   4   2   2 13 11 
   5   3   5   0   5   2 13 11 
   3   8   6   0   4   1 11 
   1   4   0   2   1   4 31 16 14 12 
   4   5   8   0   7   3 21 19 15 
   1   5   0   2   4   2 18 14 
   4   7   4   3   0   3 23 22 20 
  10   5   1   0   4   1 17 
   9   2   0   4   3   5 30 29 23 22 21 
   1   5   0   3   2   2 29 18 
   7   5   5   0   5   4 30 28 23 22 
  10   2   2   0   2   4 29 28 23 22 
   5   4   4   7   0   3 30 29 21 
   7   4   2   0   7   4 28 27 26 24 
   1   4   6   0   2   3 27 26 24 
   1   0   5   3   9   2 26 25 
   6   4   3   6   0   1 25 
   5   6   4   6   0   1 32
   3   4   2   0   3   1 32
   3   1   3   0   7   1 32
   4   2   5   4   0   1 32
   1   3   7   0   3   1 32
   5   4   4   0   3   1 32
   4   4   2   6   0   1 32
   0   0   0   0   0   0 
