
  32    4
  10   10   10   10

   0   0   0   0   0   7 2 3 4 6 10 14 15 
   4   0   1   2   1   4 16 13 9 5 
   4   1   0   4   3   6 31 21 17 13 12 8 
  10   7   0   5   4   3 18 12 7 
   6   0   7   4   2   7 31 30 29 22 21 20 11 
   9   6   1   0   1   6 29 22 21 18 16 12 
   4   3   0   5   3   7 31 29 24 22 21 20 17 
   2   0   4   2   3   8 30 29 28 24 23 22 20 19 
   3   6   5   4   0   6 31 29 23 20 19 18 
   5   3   4   0   5   4 31 29 21 17 
  10   1   0   4   7   3 24 19 17 
   2   4   0   3   4   4 28 24 23 19 
   3   4   0   3   5   4 29 24 23 19 
   1   3   4   0   7   2 23 18 
   2   3   0   2   5   2 24 17 
   9   5   0   5   4   3 30 20 19 
  10   5   0   3   4   4 28 26 25 23 
  10   0   2   4   3   4 30 28 26 25 
   5   3   0   3   3   3 27 26 25 
   4   4   5   1   0   3 27 26 25 
  10   4   2  10   0   2 26 25 
   7   0   4   2   1   2 27 25 
   9   2   2   5   0   1 27 
   3   2   5   6   0   1 25 
   8   0   5   4   5   1 32
   1   5   6   4   0   1 32
  10   8   3   4   0   1 32
   4   3   4   0   4   1 32
   2   0   7   7   5   1 32
   8   7   5   0  10   1 32
   8   3   4   0   3   1 32
   0   0   0   0   0   0 
