
  32    4
  10   10   10   10

   0   0   0   0   0   3 2 5 6 
   8   0   1   1   1   3 13 12 3 
  10   1   3   2   0   2 14 4 
   6   5   2   0   4   4 31 30 18 7 
   8   0   2   3   6   3 30 18 7 
   6   0   4   7   4   3 30 18 7 
   2   2   5   0   3   3 21 19 8 
   8   0   4   8   5   3 22 17 9 
   7   3   5   0   7   2 26 10 
   7   0   3   3   6   3 27 25 11 
  10   0   3   2   4   3 29 28 15 
   5   4   0   5   5   3 27 26 15 
   3   6   0   6   4   3 31 17 16 
   1   0   3   4   5   3 26 23 20 
   8   0   5   2   2   1 16 
   7   3   8   0   5   2 23 20 
   8   5   0   3   4   2 23 20 
   8   2   0   6   5   2 23 21 
   8   5   3   0   2   2 25 23 
   7   8   0   4   4   1 24 
   2   4   0   3   4   1 25 
   4   0   5   4   2   1 25 
   2   7   6   6   0   1 32
   3   4   3   0   5   1 32
   3   4   2   0   1   1 32
   8   0   5   4   5   1 32
  10   2   6   5   0   1 32
   4   4   5   0   4   1 32
   2   3   0   3   2   1 32
   9   0   7   4   5   1 32
   7   4   2   3   0   1 32
   0   0   0   0   0   0 
