
  32    4
  10   10   10   10

   0   0   0   0   0   1 2 
   6   1   1   1   0   1 3 
   1   5   4   3   0   1 4 
   9   5   3   6   0   1 5 
   6   2   4   2   0   1 6 
   9   0   7   5   1   1 7 
   8   0   4   7   3   3 31 30 8 
   4   2   0   5   2   1 9 
   9   3   0   5   6   1 10 
   3   0   5   3   2   1 11 
   3   2   0   5   2   1 12 
   2   0   2   6   6   1 13 
   9   2   3   2   0   1 14 
   3   7   6   0   3   1 15 
   9   5   3   5   0   1 16 
   5   1   0   7   3   1 17 
   4   6   5   0   4   2 29 18 
   9   8   5   0   3   1 19 
   3   0   4   3   6   1 20 
   4   0   3   4   2   1 21 
   8   4   3   0   5   1 22 
   8   4   4   2   0   1 23 
   1   5   3   0   6   1 24 
   8   0   2   4   2   1 25 
   5   0   3   3   6   1 26 
   8   3   3   3   0   1 27 
   8   2   4   0   7   1 28 
   2   5   5   5   0   1 32
   1   6   0   4   4   1 32
   3   6   8   3   0   1 32
   4   0   6   3   7   1 32
   0   0   0   0   0   0 
