
  32    4
  10   10   10   10

   0   0   0   0   0  12 2 4 5 6 7 8 10 11 12 15 16 18 
   9   1   1   1   0   5 30 28 20 14 3 
   2   2   2   0   1   6 31 29 27 22 17 9 
  10   3   0   4   3   5 27 22 20 17 13 
   2   0   4   2   4   7 30 29 27 26 25 20 19 
   4   5   0   5   7   5 28 25 21 20 13 
   9   0   4   5   2   6 27 26 25 24 21 20 
   5   6   0   2   5   4 28 22 20 17 
   5   0   3   2   2   3 25 21 13 
   4   3   0   6   4   2 29 13 
   6   0   4   6   5   4 30 27 23 19 
  10   0   3   5   6   4 26 25 23 19 
   4   3   4   0   4   3 26 23 19 
   3   5   3   7   0   3 25 24 21 
   8   5   4   0   2   3 31 28 20 
   5   0   5   5   6   3 26 25 21 
   7   3   0   8   5   3 25 24 23 
   4   2   3   0   6   2 25 24 
  10   6   3   0   7   1 24 
   3   5   0   2   2   1 23 
   1   6   5   0   8   1 23 
   8   4   0   3   4   1 24 
   6   4   0   4   2   1 32
   4   3   0   2   4   1 32
   5   3   5   5   0   1 32
   6   0   4   2   6   1 32
   6   6   7   0   6   1 32
   6   6   0   4   2   1 32
   4   5   6   0   2   1 32
   3   0   6   5   1   1 32
   3   2   0   3   2   1 32
   0   0   0   0   0   0 
