
  32    4
  10   10   10   10

   0   0   0   0   0   7 2 3 4 5 10 11 14 
   9   2   1   1   0   4 16 12 9 6 
  10   2   6   5   0   6 22 19 18 16 15 9 
   6   4   0   5   1   5 22 15 13 12 8 
  10   7   6   0   2   3 17 15 7 
   8   0   2   4   1   7 31 30 22 21 19 17 13 
   6  10   0   4   4   7 31 30 29 22 21 19 18 
  10   1   3   0   2   6 30 29 28 21 20 19 
   6   2   7   8   0   5 31 30 21 20 17 
   9   5   3   0   6   4 31 30 22 18 
   6   4   4   0   4   4 23 22 21 17 
   7   0   3   3   7   4 31 30 24 20 
   4   3   4   0   3   3 24 20 18 
  10   3   0   3   2   3 24 22 18 
   9   4   3   0   4   3 28 24 20 
   9   6   1   0   5   3 29 21 20 
   9   3   6   4   0   5 29 28 27 26 25 
   8   3   6   6   0   3 28 25 23 
   5   4   7   0   5   3 27 26 24 
   9   4   0   2   2   2 25 23 
   4   4   3   3   0   3 27 26 25 
   6   0   4   4   4   3 27 26 25 
  10   1   4   0   4   2 27 26 
   9   4   0   3   7   1 25 
   2   6   0   6   4   1 32
  10   4   3   0   4   1 32
   4   6   0   4   5   1 32
   8   3   0   4   6   1 32
   3   0   4   3   5   1 32
   6   3   4   5   0   1 32
   7   6   0   3   5   1 32
   0   0   0   0   0   0 
