
  32    4
  10   10   10   10

   0   0   0   0   0  15 2 3 4 5 6 9 10 11 25 26 27 28 29 30 31 
  10   1   1   1   0   7 24 23 22 18 17 15 12 
   7   7   2   5   0   6 21 20 19 15 14 13 
   4   2   3   0   1   6 22 21 20 16 15 14 
   5   4   8   0   2   3 19 13 7 
   7   5   5   6   0   2 18 8 
   9   1   3   0   4   2 17 16 
   9   3   0   3   3   1 12 
   4   3   3   0   2   1 14 
   4   4   2   0   3   1 12 
   1   0   3   5   3   1 13 
   5   3   5   0   6   1 32
   2   6   2   0   6   1 32
  10   3   0   3   3   1 32
   2   3   5   0   3   1 32
   5   3   3   0   3   1 32
   8   0   7   5   7   1 32
   4   8   4   5   0   1 32
   4   4   5   2   0   1 32
   1   2   3   0   4   1 32
   5   0   6   3   7   1 32
   4   4   5   0   7   1 32
   2   3   6   4   0   1 32
   8   8   0   5   2   1 32
  10   5   3   6   0   1 32
   7   4   4   0   3   1 32
   8   3   4   0   5   1 32
   8   7   0   4   6   1 32
   2   4   4   4   0   1 32
   7   4   3   4   0   1 32
   4   0   5   3   4   1 32
   0   0   0   0   0   0 
