
  32    4
  10   10   10   10

   0   0   0   0   0   4 2 3 4 6 
   9   1   1   1   0   3 9 7 5 
   3   0   4   5   1   2 7 5 
   6   4   3   4   0   3 13 9 8 
   1   1   3   0   6   3 13 10 8 
   2   0   3   5   4   3 13 10 8 
   4   5   0   7   6   3 13 12 10 
   9   3   4   2   0   2 12 11 
  10   3   2   0   3   2 18 10 
  10   0   6   5   2   3 19 15 14 
   3   5   0   4   1   2 15 14 
   6   3   5   0   4   4 20 19 18 15 
   7   7   4   4   0   4 20 18 16 15 
   8   5   4   6   0   3 20 17 16 
   9   5   0   5   4   3 26 23 21 
   5   5   2   0   4   3 30 22 21 
   5   0   3   3   5   3 26 23 21 
   3   6   5   0   4   3 31 23 22 
   5   0   5   3   3   4 31 30 27 22 
   4   3   0   5   5   5 31 30 26 25 24 
   4   2   3   5   0   4 31 27 25 24 
   3   5   0   5   5   3 26 25 24 
  10   3   3   0   6   3 30 29 27 
   6   0   5   4   3   1 29 
   5   6   5   0   5   1 28 
  10   0   6   2   3   1 28 
   7   3   5   4   0   1 28 
   9   4   7   0   6   1 32
   4   5   3   0   4   1 32
   7   4   0   1   4   1 32
  10   0   5   4   4   1 32
   0   0   0   0   0   0 
