
  32    4
  10   10   10   10

   0   0   0   0   0   5 2 4 10 11 15 
   6   1   1   0   1   1 3 
   8   6   3   1   0   4 17 13 12 5 
   2   0   4   9   3   5 21 17 13 12 6 
   4   2   0   6   5   3 31 16 7 
   5   6   0   3   7   6 31 30 29 20 19 9 
   8   2   3   0   6   4 29 20 19 8 
   6   4   3   0   7   2 30 9 
  10   0   6   4   4   5 27 25 24 23 14 
   1   5   0   4   7   3 24 23 14 
   2   0   2   5   4   1 13 
   6   6   0   4   6   4 29 27 20 19 
   9   6   0   3   2   3 28 22 16 
   7   4   3   4   0   2 22 18 
   4   2   4   2   0   2 22 21 
   1   4   4   5   0   2 25 24 
  10   2   8   0   1   2 28 22 
   7   7   6   0   3   1 26 
   3   5   0   2   3   1 23 
   6   5   6   0   4   1 23 
   3   3   3   0   7   1 28 
   9   3   3   2   0   1 32
   4   4   2   0   6   1 32
   6   2   0   3   2   1 32
   4   0   7   4   4   1 32
   3   0   2   4   4   1 32
  10   5   0   6   1   1 32
   2   4   6   4   0   1 32
  10   4   0   8   1   1 32
   4   0   4   1   4   1 32
   3   4   0   4   4   1 32
   0   0   0   0   0   0 
