
  32    4
  10   10   10   10

   0   0   0   0   0  13 2 4 6 7 9 10 14 15 16 17 18 19 31 
   7   0   1   1   1   8 30 29 28 27 25 24 13 3 
   1   0   4   5   2   3 26 22 5 
   5   1   0   4   2   5 27 25 22 13 11 
  10   0   2   5   5   3 23 12 8 
   3   4   4   0   3   3 28 24 21 
   1   3   4   0   6   3 25 24 21 
   6   6   3   0   4   2 21 11 
   7   4   3   2   0   2 26 11 
   9   4   0   3   3   1 12 
   2   4   4   0   7   1 20 
   7   0   3   5   6   1 21 
   9   0   4   6   7   1 20 
   9   3   0   1   4   1 23 
   6   3   0   4   3   1 23 
  10   0   7   4   3   1 22 
   6   6   4   0   3   1 22 
   6   1   0   3   1   1 22 
   3   3   0   4   5   1 20 
   2   6   4   7   0   1 32
  10   5   3   5   0   1 32
   3   5   3   5   0   1 32
   2   3   0   5   6   1 32
   4   6   5   5   0   1 32
   9   5   5   5   0   1 32
   9   5   4   2   0   1 32
   1   3   1   0   4   1 32
   4   0   5   5   4   1 32
   8   0   8   3   4   1 32
   3   6   0   3   5   1 32
   5   2   7   0   4   1 32
   0   0   0   0   0   0 
