
  32    4
  10   10   10   10

   0   0   0   0   0  12 2 4 5 6 7 8 10 11 12 15 16 18 
   2   1   0   1   1   5 30 28 20 14 3 
   4   5   1   4   0   6 31 29 27 22 17 9 
   5   2   3   0   8   5 27 22 20 17 13 
   1   3   0   5   6   5 28 25 21 20 13 
   9   6   0   6   5   6 30 29 26 25 20 19 
   2   5   0   2   5   6 27 26 25 24 21 20 
   2   8   3   0   2   4 28 22 20 17 
   1   3   5   0   4   3 25 21 13 
   5   3   0   2   6   2 29 13 
   9   3   4   0   4   4 30 27 23 19 
   5   0   3   3   2   4 26 25 23 19 
  10   4   4   4   0   3 26 23 19 
   6   1   0   4   2   3 25 24 21 
   2   4   0   3   3   3 31 28 20 
   7   6   0   4   5   3 26 25 21 
   9   3   0   5   4   3 25 24 23 
   8   0   6   3   4   2 25 24 
   6   5   2   8   0   1 24 
   5   2   3   2   0   1 23 
   3   2   7   5   0   1 23 
  10   6   4   0   3   1 24 
   1   0   5   4   5   1 32
   8   7   4   5   0   1 32
   5   3   5   3   0   1 32
   2   5   0   4   4   1 32
  10   0   3   5   4   1 32
   4   2   5   0   4   1 32
   4   1   3   5   0   1 32
   1   6   6   5   0   1 32
   2   8   0   4   3   1 32
   0   0   0   0   0   0 
