
  32    4
  10   10   10   10

   0   0   0   0   0  24 2 4 5 11 12 13 14 15 16 17 18 19 20 21 22 23 24 25 26 27 28 29 30 31 
   3   1   1   0   1   3 10 9 3 
  10   6   0   1   3   1 6 
   1   3   7   0   6   1 8 
   1   4   0   5   3   1 7 
   5   0   2   2   7   1 32
   6   4   4   2   0   1 32
   7   0   5   4   2   1 32
   9   4   4   0   4   1 32
  10   0   6   4   3   1 32
   2   7   0   4   4   1 32
  10   0   4   5   4   1 32
  10   5   3   5   0   1 32
   3   3   4   0   4   1 32
   6   0   4   6   2   1 32
   5   0   3   2   3   1 32
  10   4   3   0   4   1 32
   2   4   2   0   4   1 32
   9   4   0   5   3   1 32
   1   0   4   6   4   1 32
   3   4   0   1   6   1 32
   6   2   4   0   2   1 32
   9   1   8   6   0   1 32
   7   4   2   0   7   1 32
   9   0   3   4   3   1 32
   9   0   5   6   4   1 32
   2   2   5   0   5   1 32
   1   0   5   4   3   1 32
   9   5   4   0   9   1 32
   4   8   6   0   2   1 32
   9   5   2   0   6   1 32
   0   0   0   0   0   0 
