
  32    4
  10   10   10   10

   0   0   0   0   0   3 2 8 10 
   4   1   0   1   1   1 3 
   7   2   0   4   2   2 18 4 
   7   3   1   3   0   1 5 
   2   5   4   3   0   3 27 11 6 
   5   1   4   5   0   1 7 
  10   3   6   4   0   2 14 9 
   8   8   0   5   5   2 14 9 
   4   3   5   4   0   3 21 17 12 
   4   0   5   2   7   1 11 
  10   4   5   4   0   2 17 12 
   3   3   0   4   9   2 15 13 
   8   0   5   5   2   2 31 16 
  10   4   2   0   3   2 17 15 
   5   5   0   4   5   1 19 
   9   0   6   6   3   1 20 
   4   5   1   0   3   1 19 
   9   7   7   4   0   1 19 
   6   6   5   0   6   1 22 
   6   2   4   0  10   1 22 
   6   0   4   1   2   1 22 
   9   0   6   5   4   1 23 
   9   4   2   0   4   1 24 
   7   2   0   4   1   1 25 
   1   0   3   7   2   1 26 
   6   3   1   4   0   2 30 28 
   2   7   3   0   4   2 30 28 
  10   5   3   3   0   1 29 
   9   3   0   2   3   1 32
   3   0   5   8   3   1 32
   4   6   5   0   5   1 32
   0   0   0   0   0   0 
