
  32    4
  10   10   10   10

   0   0   0   0   0   3 2 3 5 
   4   0   1   1   1   2 10 4 
   7   1   0   4   4   3 10 7 6 
  10   5   0   3   4   2 7 6 
   4   3   4   0   7   2 9 7 
   9   4   4   0   4   2 9 8 
   4   0   5   4   5   1 8 
   5   4   6   5   0   2 13 11 
  10   0   3   3   4   2 13 11 
   5   4   6   4   0   2 13 11 
   5   5   5   4   0   3 15 14 12 
   7   6   4   3   0   4 25 20 19 16 
   3   0   6   6   5   3 25 17 14 
   3   2   0   7   3   2 20 18 
  10   7   2   0   5   2 21 18 
   6   3   0   6   1   1 17 
   6   0   4   4   3   1 18 
   5   1   1   4   0   4 31 29 24 22 
   8   4   0   4   3   4 31 29 24 22 
   2   0   6   2   4   3 31 30 21 
   4   5   5   5   0   4 29 28 24 23 
   1   7   2   3   0   3 30 28 23 
   9   5   7   0   3   2 27 26 
  10   5   5   3   0   2 27 26 
   1   2   1   4   0   1 26 
   6   0   5   5   3   1 32
   4   0   5   1   4   1 32
   2   0   5   5   9   1 32
   2   1   3   6   0   1 32
   9   2   2   3   0   1 32
   2   8   3   5   0   1 32
   0   0   0   0   0   0 
