
  32    4
  10   10   10   10

   0   0   0   0   0   3 2 10 31 
   6   1   1   1   0   2 30 3 
  10   5   0   1   1   2 28 4 
   3   3   2   0   5   1 5 
   6   4   0   5   3   3 27 25 6 
   9   3   0   4   2   2 26 7 
  10   0   4   4   6   3 24 23 8 
   6   5   0   4   3   1 9 
   9   5   3   5   0   2 22 11 
   1   3   0   5   3   5 29 25 23 21 14 
   9   4   4   2   0   1 12 
   6   5   5   0   6   1 13 
   9   0   6   8   8   2 21 14 
   7   4   2   6   0   4 20 19 18 15 
   9   0   3   4   8   1 16 
   7   2   3   4   0   1 17 
   7   3   0   1   6   1 32
   3   4   0   1   4   1 32
   3   0   4   7   2   1 32
   5   0   5   1   4   1 32
   6   4   2   0   5   1 32
   6   6   5   5   0   1 32
   5   5   2   0   5   1 32
   2   7   5   2   0   1 32
   6   4   0   6   4   1 32
   8   0   5   4   2   1 32
   4   0   3   3   6   1 32
   4   4  10   0   2   1 32
   9   4   3   9   0   1 32
   2   3   6   0   1   1 32
   4   0   5   4   2   1 32
   0   0   0   0   0   0 
