
  32    4
  10   10   10   10

   0   0   0   0   0   1 2 
   4   1   1   0   1   2 9 3 
   6   2   7   0   2   3 31 14 4 
   2   0   2   1   7   1 5 
   7   4   0   6   5   1 6 
   9   3   2   2   0   2 30 7 
   5   8   0   3   5   2 20 8 
   6   5   1   0   4   1 10 
   8   1   4   0   1   1 10 
   5   4   4   0   8   1 11 
  10   0   2   3   2   3 29 28 12 
   5   4   6   0   4   1 13 
  10   0   3   2   8   1 15 
   6   4   8   4   0   2 30 17 
  10   4   0   4   2   1 16 
   1   0   3   6   2   1 17 
   1   2   6   5   0   3 27 26 18 
   2   5   4   0   1   1 19 
  10   0   2   4   4   1 21 
   7   4   8   5   0   1 21 
   2   3   3   5   0   1 22 
   1   4   3   3   0   1 23 
   7   2   2   6   0   1 24 
   1   6   4   0   6   1 25 
   9   0   4   1   4   1 32
   9   0   4   6   5   1 32
   6   0   5   4   2   1 32
   9   4   0   4   4   1 32
   6   6   0   6   5   1 32
   1   4   0   4   6   1 32
   2   8   8   0   4   1 32
   0   0   0   0   0   0 
