
  32    4
  10   10   10   10

   0   0   0   0   0   4 2 29 30 31 
   3   1   1   1   0   1 3 
   3   4   5   4   0   1 4 
   6   4   0   4   1   2 28 5 
   8   0   4   2   4   1 6 
   7   2   8   0   2   2 27 7 
   7   0   2   3   5   1 8 
   9   5   0   9   2   1 9 
   8   0   2   4   7   1 10 
   5   7   1   0   3   1 11 
   1   4   0   4   2   1 12 
   2   0   8   2   4   2 26 13 
   3   4   5   6   0   1 14 
   2   5   5   0   4   1 15 
   1   7   2   4   0   1 16 
   2   0   2   2   3   1 17 
   1   0   3   3   1   1 18 
   9   0   5   4   5   1 19 
   5   0   6   5   7   1 20 
   3   6   5   0   4   1 21 
   1   1   0   3   8   1 22 
  10   6   8   0   6   1 23 
   8   0   5   5   3   1 24 
   6   4   3   4   0   1 25 
   3   3   2   0   5   1 32
   5   2   2   5   0   1 32
   4   0   5   6   4   1 32
   2   0   3   3   3   1 32
   7   0   4   5   3   1 32
   5   3   0   4   2   1 32
   7   0   4   4   8   1 32
   0   0   0   0   0   0 
