
  32    4
  10   10   10   10

   0   0   0   0   0   2 2 6 
   6   1   1   1   0   1 3 
   4   0   3   3   1   1 4 
   4   0   3   3   2   1 5 
   9   0   5   3   4   1 7 
   3   0   6   4   9   1 7 
   8   0   5   6   4   1 8 
   1   0   3   2   4   1 9 
   3   4   2   2   0   1 10 
   6   0   3   3   6   1 11 
   4   3   6   0   4   1 12 
   7   0   4   6   6   1 13 
   7   9   3   0   2   1 14 
   1   0   5   5   2   1 15 
   7   0   4   2   4   1 16 
   5   5   7   0   3   1 17 
   4   5   0   5   2   2 21 18 
   2   3   2   6   0   1 19 
  10   0   6   1   6   1 20 
   2   3   5   4   0   2 24 22 
   6   5   0   4   6   2 24 22 
   5   6   4   5   0   1 23 
   4   3   3   0   2   3 28 26 25 
   4   0   4   7   5   2 28 27 
   2   3   0   6   4   1 27 
   7   3   0   3   3   1 27 
   7   0   4   5   3   2 31 29 
   6   0   3   8   3   2 31 30 
   5   0   6   5   5   1 30 
   6   4   0   2   6   1 32
   1   3   3   3   0   1 32
   0   0   0   0   0   0 
