
  32    4
  10   10   10   10

   0   0   0   0   0   2 2 6 
   1   2   0   1   1   1 3 
   4   0   1   7   5   1 4 
   7   3   5   3   0   2 12 5 
   2   5   0   6   4   1 7 
  10   1   5   3   0   1 7 
  10   2   4   0   3   2 10 8 
   9   5   0   6   2   1 9 
   9   0   1   6   6   2 17 11 
  10   4   6   0   4   2 17 13 
   6   3   0   4   6   1 13 
   6   4   0   2   4   2 17 15 
  10   8   4   4   0   1 14 
   5   7   4   0   5   1 15 
   9   3   8   4   0   1 16 
   6   3   2   0   3   2 20 18 
   5  10   5   0   2   1 18 
   3   4   6   0   4   1 19 
   6   5   5   7   0   1 21 
   7   5   0   4   3   1 21 
  10   0   5   2   4   1 22 
   2   4   2   0   6   1 23 
   7   5   2   2   0   1 24 
   9   4   3   0   2   1 25 
   7   2   4   0   5   2 29 26 
  10   4   6   0   3   1 27 
   5   6   0   3   4   1 28 
   3   1   2   5   0   1 30 
   4   2   0   3   6   1 30 
   4   2   4   4   0   1 31 
   7   4   0   4   6   1 32
   0   0   0   0   0   0 
