
  32    4
  10   10   10   10

   0   0   0   0   0   7 2 3 4 5 10 12 15 
   3   0   1   1   1   5 18 17 14 9 6 
   1   1   0   3   4   5 21 19 17 13 8 
   2   7   0   5   2   5 24 16 14 13 7 
   1   0   8   4   3   7 29 24 21 20 18 17 13 
   5   2   5   0   4   6 31 30 24 21 20 11 
   4   7   5   6   0   8 30 29 28 23 22 21 20 19 
   4   4   4   0   6   6 31 29 24 23 20 16 
   8   0   2   5   5   7 31 30 29 28 22 20 19 
   3   3   0   8   2   4 31 29 24 16 
   8   5   3   0   6   3 23 19 16 
   2   2   3   0   6   2 22 17 
   6   2   2   4   0   4 28 26 23 22 
   6   6   4   0   3   3 29 23 19 
   3   4   3   0   4   1 16 
   2   5   6   0   3   4 28 26 25 22 
   8   7   4   0   5   4 30 28 26 25 
   7   7   2   0   3   1 19 
   1   0   4   3   3   3 27 26 25 
   3   0   7   2   5   3 27 26 25 
   7   3   0   6   7   2 27 25 
   8   3   4   3   0   1 27 
   9   5   0   2   4   1 25 
   5   0   6   7   3   1 26 
   3   1   5   0   5   1 32
  10   3   4   3   0   1 32
  10   2   0   5   4   1 32
   1   3   0   2   7   1 32
   5   6   0   2   3   1 32
   3   0   2   5   2   1 32
   1   0   4   4   4   1 32
   0   0   0   0   0   0 
