
  32    4
  10   10   10   10

   0   0   0   0   0   3 2 30 31 
   6   1   1   1   0   1 3 
   5   3   7   2   0   2 23 4 
   4   5   2   0   1   1 5 
   2   0   3   5   3   3 29 14 6 
   2   5   0   2   6   1 7 
   4   0   5   1   5   3 28 11 8 
   3   6   0   4   2   2 16 9 
   9   4   6   4   0   3 26 17 10 
   4   2   4   4   0   2 27 12 
   1   4   6   0   3   2 26 16 
   4   3   4   0   5   1 13 
   1   5   5   4   0   1 15 
   4   2   0   2   1   1 15 
   8   6   0   6   6   1 18 
   5   0   6   3   4   1 18 
   6   3   3   5   0   1 18 
   3   0   3   6   2   1 19 
   2   5   0   4   6   1 20 
   9   9   6   2   0   1 21 
   4   4   2   6   0   2 24 22 
   9   0   6   6   2   1 25 
   3   4   2   3   0   1 24 
  10   3   0   3   2   1 32
   4   6   1   6   0   1 32
   8   4   0   2   9   1 32
  10   3   3   0   6   1 32
   7   3   5   9   0   1 32
   8   2   5   1   0   1 32
   3   0   3   9   6   1 32
   8   4   4   0   3   1 32
   0   0   0   0   0   0 
