
  32    4
  10   10   10   10

   0   0   0   0   0   3 2 3 13 
   5   0   1   1   1   2 20 4 
  10   1   5   3   0   2 20 4 
   3   8   0   4   4   2 8 5 
   9   2   0   4   5   2 11 6 
  10   6   0   7   4   2 22 7 
   4   3   4   0   2   2 18 9 
   2   0   7   5   6   2 11 10 
   1   4   3   0   4   1 10 
   2   5   3   0   3   3 26 17 12 
   2   2   4   0   3   2 26 12 
   6   2   6   0   4   2 23 14 
   4   3   2   4   0   2 22 16 
   2   4   5   2   0   1 15 
   5   1   0   8   3   1 16 
   6   5   4   0   7   2 30 19 
   9   2   0   4   2   2 30 19 
   4   0   4   3   6   2 30 19 
   1   7   7   0   2   3 31 25 21 
   4   6   3   0   3   1 21 
   4   6   3   0   3   3 29 28 24 
  10   4   1   0  10   2 28 27 
   8   3   3   0   2   1 24 
   7   7   4   5   0   1 27 
   8   3   0   2   5   1 28 
   2   4   0   5   3   1 30 
   2   4   0   6   7   1 32
   9   3   0   4   5   1 32
   5   4   5   3   0   1 32
   6   0   6   4   2   1 32
   9   5   4   2   0   1 32
   0   0   0   0   0   0 
