
  32    4
  10   10   10   10

   0   0   0   0   0   3 2 3 19 
   3   1   1   0   1   2 25 4 
   2   0   5   1   5   2 25 4 
   5   0   4   4   5   2 8 5 
   7   0   1   4   4   2 12 6 
   5   2   7   7   0   2 31 7 
   7   3   5   4   0   2 18 9 
   8   4   4   6   0   2 12 10 
   5   1   4   0   4   1 10 
  10   0   3   1   4   3 24 15 11 
   8   5   6   2   0   2 21 13 
   8   4   5   3   0   2 24 13 
   7   5   3   6   0   1 14 
   1   3   2   0   4   2 30 16 
   4   6   3   3   0   2 30 17 
   2   0   2   6   3   1 17 
   8   3   0   2   5   3 29 23 20 
   5   0   4   4   2   2 29 20 
  10   6   7   0   4   4 30 28 26 23 
   6   3   3   6   0   3 28 27 22 
   5   1   0   5   5   1 22 
   8   0   3   6   1   1 26 
   2   5   0   2   5   1 27 
  10   7   5   0   2   1 30 
   6   6   4   0   7   1 26 
   3   6   0   3   3   1 32
   6   6   0   5   7   1 32
   6   3   0   5   1   1 32
   3   5   6   0   9   1 32
   5   3   0   5   5   1 32
   5   0   5   2   2   1 32
   0   0   0   0   0   0 
