
  32    4
  10   10   10   10

   0   0   0   0   0   1 2 
   1   0   1   1   1   1 3 
   9   1   4   6   0   1 4 
   2   4   4   3   0   1 5 
  10   6   0   4   4   1 6 
  10   0   6   4   6   1 7 
   2   3   0   4   3   1 8 
   2   4   6   0   4   1 9 
   9   1   1   0   6   2 13 10 
   1   2   0   5   4   1 11 
   4   4   6   5   0   1 12 
   2   4   5   0   5   1 14 
   3   6   2   0   3   1 14 
   5   2   0   4   3   1 15 
   8   5   7   5   0   1 16 
  10   0   4   6   3   1 17 
   9   4   4   0   6   2 21 18 
   7   5   0   4   2   1 19 
   1   4   4   0   4   2 30 20 
   1   6   0   5   4   1 22 
   7   0   4   3   3   2 30 24 
   7   5   3   0   7   1 23 
   5   5   0   3   3   1 24 
   7   4   3   0   4   1 25 
   7   4   6   6   0   1 26 
   5   5   2   5   0   1 27 
   2   5   0   2   3   1 28 
   3   1   0   1   7   1 29 
  10   8   0   3   4   1 31 
   1   2   0   6   3   1 31 
   7   0   4   3   4   1 32
   0   0   0   0   0   0 
