
  32    4
  10   10   10   10

   0   0   0   0   0   1 2 
   8   0   1   1   1   1 3 
   2   1   3   0   2   1 4 
   8   2   4   0   2   1 5 
   3   0   4   4   6   1 6 
   9   0   4   1   3   1 7 
   3   0   4   6   5   1 8 
   6   3   6   3   0   1 9 
   7   4   3   0   5   1 10 
   3   0   6   2   3   1 11 
   8   3   2   0   6   1 12 
   7   4   5   0   3   2 31 13 
   8   7   0   3   3   2 30 14 
   5   3   3   4   0   1 15 
   7   3   4   5   0   1 16 
  10   0   6   5  10   1 17 
   1   3   6   4   0   1 18 
   1   0   5   5   6   1 19 
   8   5   3   0   3   1 20 
   5   4   0   4   3   1 21 
   4   2   4   0   3   2 29 22 
   9   4   0   4   4   1 23 
   3   7   1   3   0   1 24 
   4   6   5   0   6   1 25 
   6   5   0   2   3   1 26 
   3   3   0   7   3   1 27 
  10   0   3   4   6   1 28 
   5   2   0   4   3   1 32
   2   8   4   6   0   1 32
   5   0   6   7   2   1 32
   9   5   4   0   5   1 32
   0   0   0   0   0   0 
