
  32    4
  10   10   10   10

   0   0   0   0   0   2 2 3 
   4   1   1   0   1   2 5 4 
   4   3   0   1   3   2 6 5 
   7   4   5   0   2   2 18 6 
   8   3   0   5   3   2 18 7 
   3   5   0   4   6   1 7 
   7   0   5   1   4   2 9 8 
   4   6   4   1   0   2 12 10 
   9   2   0   3   4   1 10 
   9   6   2   0   4   2 13 11 
   2   5   3   2   0   3 20 17 14 
   7   0   5   4   3   1 14 
  10   1   0   4   5   4 31 22 20 17 
   9   2   0   3   4   2 19 15 
   2   6   0   6   6   1 16 
   1   4   6   0   4   2 31 22 
   5   3   2   8   0   1 19 
   3   5   3   3   0   1 19 
   7   3   2   9   0   1 21 
   5   2   7   3   0   1 21 
   6   0   4   4   5   1 23 
   5   7   4   0   3   1 23 
   4   7   7   6   0   1 24 
   4   3   6   0   3   1 25 
   8   4   6   6   0   1 26 
   9   4   0   1   3   1 27 
   6   0   4   5   3   2 30 28 
   5   4   1   0   8   1 29 
   7   9   0   5   6   1 32
  10   3   4   4   0   1 32
   3   2   3   0   4   1 32
   0   0   0   0   0   0 
