
  32    4
  10   10   10   10

   0   0   0   0   0   3 2 4 6 
   2   1   1   1   0   2 10 3 
   8   4   0   3   1   3 11 9 5 
  10   2   3   6   0   2 9 5 
   2   5   6   0   5   2 31 7 
   7   3   6   0   6   2 31 7 
   2   5   0   8   3   3 23 15 8 
   1   5   5   0   5   3 19 17 12 
   3   6   3   0   4   6 31 30 28 21 19 16 
   7   5   7   2   0   3 30 17 14 
   2   2   5   5   0   7 30 29 28 27 23 19 18 
   6   0   3   3   3   1 13 
   9   4   3   5   0   3 30 26 14 
   6   0   3   4   6   2 28 16 
  10   0   7   4   3   3 27 21 20 
   2   0   5   4   2   3 29 27 20 
   7   8   4   3   0   2 28 18 
  10   5   0   4   4   3 26 25 22 
   2   0   2   7   3   1 20 
   1   6   4   4   0   2 25 22 
   3   0   3   1   4   2 26 24 
   2   3   3   3   0   1 24 
   9   2   0   4   5   1 26 
  10   6   2   0   3   1 32
   8   3   6   6   0   1 32
   5   4   3   0   5   1 32
   6   5   0   5   4   1 32
   4   2   7   4   0   1 32
   3   0   1   5   5   1 32
   6   4   4   1   0   1 32
   4   2   0   4   5   1 32
   0   0   0   0   0   0 
