
  32    4
  10   10   10   10

   0   0   0   0   0   1 2 
   9   0   1   1   1   2 6 3 
   8   1   0   3   2   1 4 
   3   0   6   6   1   1 5 
  10   4   5   0   2   1 7 
   5   4   3   1   0   1 7 
   2   5   6   0   7   3 11 10 8 
   9   0   5   6   6   1 9 
   7   2   2   0   3   2 13 12 
   5   2   2   0   4   2 14 12 
   6   4   2   0   4   2 14 12 
   6   0   1   1   3   2 17 15 
   5   5   6   0   3   1 14 
   7   7   3   0   3   1 15 
   7   2   1   0   4   1 16 
   7   3   3   5   0   2 20 18 
   8   0   5   5   7   2 20 19 
   3   5   0   6   7   1 19 
   9   3   7   0   6   1 21 
   6   3   6   0   4   1 21 
   9   7   7   0   3   2 24 22 
   8   2   0   3   2   1 23 
   5   0   5   6   4   2 27 25 
   5   6   5   5   0   2 27 25 
   8   2   0   4   2   1 26 
   5   5   2   4   0   1 28 
   9   5   0   5   4   1 29 
   1   5   5   1   0   1 30 
   1   4   0   5   6   1 30 
   6   7   4   0   6   1 31 
   9   3   0   5   6   1 32
   0   0   0   0   0   0 
