
  32    4
  10   10   10   10

   0   0   0   0   0   3 2 4 5 
  10   0   1   1   1   2 10 3 
   3   1   3   2   0   3 9 7 6 
   9   5   0   4   7   2 9 6 
  10   7   0   2   5   2 7 6 
   9   4   2   1   0   2 31 8 
   2   0   3   5   6   4 31 15 12 11 
   8   0   1   5   3   3 15 12 11 
   5   0   1   3   4   5 31 20 16 15 13 
  10   3   8   4   0   2 15 11 
  10   3   0   4   2   3 20 16 13 
   1   5   4   0   4   4 30 21 19 18 
   8   6   0   3   5   1 14 
   3   2   3   6   0   3 30 28 17 
   7   2   4   0   2   5 30 28 27 23 22 
  10  10   4   0   3   2 21 19 
   8   9   4   0   4   1 18 
   6   4   4   0   7   4 29 27 23 22 
   9   3   5   1   0   5 29 28 27 26 24 
  10   0   6   6   2   1 22 
   4   0  10   5   2   3 28 27 25 
   2   2   4   0   2   2 26 24 
   6   4   0   3   9   2 26 25 
   9   3   3   4   0   1 25 
   4   4   3   0   5   1 32
   2   2   0   7   2   1 32
   9   2   7   4   0   1 32
   1   7   0   5   5   1 32
   2   0   5   9   4   1 32
   3   3   3   0   5   1 32
   4   1   4   0   3   1 32
   0   0   0   0   0   0 
