
  32    4
  10   10   10   10

   0   0   0   0   0   3 2 3 13 
   7   1   1   0   1   2 20 4 
   3   0   8   1   6   2 20 4 
   8   0   7   3   4   2 8 5 
   3   4   0   4   6   2 11 6 
   6   0   5   3   4   2 22 7 
   4   5   3   0   4   2 18 9 
   5   0   2   3   3   2 11 10 
   7   3   4   0   8   1 10 
   3   5   8   0   3   3 26 17 12 
   6   4   5   0   5   2 26 12 
   4   4   4   6   0   2 23 14 
   8   6   0   6   2   3 22 17 16 
   8   5   2   2   0   1 15 
   9   3   2   3   0   1 16 
  10   5   4   0   2   2 30 19 
   9   1   0   4   4   2 30 19 
   5   3   5   0   5   2 30 19 
   6   3   3   6   0   3 31 25 21 
   4   0   7   6   4   1 21 
   5   6   0   3   4   3 29 28 24 
  10   0   3   6   7   2 28 27 
   8   6   0   2   5   1 24 
   9   0   3   3   4   1 27 
  10   2   2   0   2   1 28 
   2   0   4   6   5   1 30 
  10   4   4   0   3   1 32
   7   6   3   0   4   1 32
   6   0   3   4   2   1 32
   1   0   4   6   3   1 32
  10   4   4   3   0   1 32
   0   0   0   0   0   0 
