
  32    4
  10   10   10   10

   0   0   0   0   0   2 2 31 
   5   1   1   1   0   1 3 
   2   5   0   2   1   1 4 
   8   3   4   0   3   2 30 5 
   8   2   2   0   3   1 6 
   2   0   5   3   5   1 7 
   4   0   5   2   4   1 8 
   1   7   3   7   0   1 9 
   6   5   0   6   7   1 10 
   3   7   0   4   1   1 11 
   2   2   5   0   2   1 12 
   9   0  10   4   5   1 13 
   8   3   0   8   5   1 14 
   2   3   5   4   0   1 15 
   1   0   5   2   7   1 16 
   8   0   4   6   4   1 17 
   6   4   3   0   2   1 18 
   9   6   4   0   3   2 29 19 
   9   3   5   0   3   1 20 
   4   6   3   0   5   1 21 
   5   0   1   4   4   1 22 
   3   3   5   0   4   1 23 
   9   0   4   2   3   1 24 
   4   5  10   0   2   1 25 
   4   6   3   0   3   1 26 
   1   5   1   5   0   1 27 
   9   3   0   4   3   1 28 
   9   5   1   0   5   1 32
   5   4   3   0   7   1 32
  10   3   6   0   7   1 32
   6   1   2   0   6   1 32
   0   0   0   0   0   0 
