
  32    4
  10   10   10   10

   0   0   0   0   0   3 2 3 9 
   5   0   1   1   1   2 11 4 
   3   0   6   4   5   2 11 4 
   6   0   4   5   6   2 8 5 
   5   1   0   4   4   2 10 6 
   6   2   0   5   3   1 7 
   9   6   3   0   3   3 17 14 12 
  10   2   4   5   0   2 12 10 
   2   5   2   0   3   2 11 10 
   2   6   5   4   0   2 17 13 
   8   8   2   0   2   2 17 13 
   1   0   4  10   5   1 13 
   6   4   4   0   7   3 21 19 15 
   9   0   6   3   5   3 21 19 16 
   4   4   8   4   0   1 16 
   5   0   8   2   1   2 24 18 
   6   3   0   4   4   2 21 18 
   2   3   0   3   5   1 20 
   6   5   0   5   7   1 20 
   4   1   4   3   0   1 22 
   8   6   2   0   3   1 22 
   8   5   4   0   8   2 26 23 
  10   1   0   3   3   5 31 30 29 27 25 
   4   1   3   0   4   2 27 25 
   4   3   0   3   2   1 28 
   2   8   6   4   0   1 27 
   3   6   5   6   0   1 32
   3   4   4   1   0   1 32
   3   5   4   4   0   1 32
   6   4   2   5   0   1 32
   2   3   1   0   3   1 32
   0   0   0   0   0   0 
