
  32    4
  10   10   10   10

   0   0   0   0   0   2 2 3 
   5   0   1   1   1   2 5 4 
   3   1   2   5   0   1 4 
   2   3   0   4   3   2 13 6 
   5   8   1   7   0   2 13 6 
   7   0   5   5   5   1 7 
   5   3   2   0   4   2 9 8 
   7   3   2   0   3   2 12 10 
   8   5   0   5   6   1 10 
   5   0   3   4   7   2 14 11 
  10   2   4   5   0   2 16 15 
   8   0   4   2   2   2 16 15 
   8   7   5   4   0   2 17 14 
   7   2   0   5   4   2 19 16 
   1   0   7   5   4   2 18 17 
   4   0   8   4   5   2 20 18 
   2   0   4   3   3   2 21 19 
   8   3   0   4   7   3 28 22 21 
   5   5   0   5   5   2 28 22 
  10   0   4   2   5   1 21 
   6   7   0   4   4   1 23 
   5   0   1   7   1   1 23 
   8   3   0   3   3   1 24 
   2   4   0   3   5   1 25 
  10   5   5   0   3   1 26 
   6   4   6   3   0   1 27 
   3   1   5   0   2   1 29 
   6   2   0   3   5   1 29 
   6   3   0   5   4   2 31 30 
   3   8   0   2   5   1 32
   3   5   7   4   0   1 32
   0   0   0   0   0   0 
