
  32    4
  10   10   10   10

   0   0   0   0   0   3 2 30 31 
   4   0   1   1   1   1 3 
   8   1   0   7   2   3 29 22 4 
   8   5   0   3   7   1 5 
   7   2   3   5   0   2 28 6 
   6   2   0   5   2   1 7 
   4   3   0   2   7   3 27 12 8 
  10   5   6   0   5   2 16 9 
   1   3   6   0   4   2 21 10 
   2   4   5   2   0   2 25 11 
  10   4   1   2   0   1 13 
   1   0   2   7   4   2 26 15 
   1   5   5   1   0   1 14 
   1   0   3   4   6   1 15 
   4  10   0   2   1   1 17 
   7   3   7   0   6   1 17 
   6   9   0   4   2   1 18 
   8   4   2   3   0   2 24 19 
   1   4   3   0   5   1 20 
  10   0   6   1   1   1 23 
   2   2   4   0   3   1 23 
   5   5   4   4   0   1 24 
   8   3   5   0   5   1 32
   9   7   0   4   5   1 32
   6   0   3   7  10   1 32
   1   2   8   7   0   1 32
   4   3   2   0   2   1 32
   1   2   0   5   1   1 32
   7   0   3   8   5   1 32
   7   4   4   4   0   1 32
   2   4   5   4   0   1 32
   0   0   0   0   0   0 
