
  32    4
  10   10   10   10

   0   0   0   0   0   1 2 
   5   1   2   0   1   1 3 
   8   4   3   0   4   1 4 
   6   6   0   1   1   1 5 
   5   0   4   3   5   1 6 
   6   0  10   4   4   1 7 
   7   0   6   5   5   1 8 
   1   2   4   2   0   2 28 9 
   8   3   0   6   2   1 10 
   9   0   4   4   4   1 11 
   4   0   3   4   6   1 12 
   5   0   3   1   3   1 13 
   8   0   3   7   5   2 31 14 
   7   0   5   4   6   1 15 
   3   4   0   6   5   1 16 
   5   3   2   0   4   1 17 
   3   7   3   0   7   2 30 18 
   7   4   0   5   2   1 19 
   4   0   5   2   4   1 20 
   2   3   5   0   3   1 21 
   8   5   2   0   2   1 22 
   1   4   0   6   4   1 23 
   1   4   0   6   5   1 24 
   8   4   0   3   4   1 25 
   2   0   4   3   5   1 26 
   8   0   2   4   4   1 27 
   7   0   3   3   4   1 29 
   9   4   4   5   0   1 29 
   1   6   6   0   4   1 32
   4   4   6   0   6   1 32
   2   0   3   4   3   1 32
   0   0   0   0   0   0 
