
  32    4
  10   10   10   10

   0   0   0   0   0   3 2 4 5 
   1   1   1   1   0   2 10 3 
   8   7   0   3   1   3 9 7 6 
  10   4   2   0   4   3 9 7 6 
   7   3   7   0   2   2 9 6 
   6   0   5   3   8   2 31 8 
   1   6   5   4   0   3 31 12 11 
   3   2   4   0   2   2 12 11 
   6   0   3   2   2   5 31 20 16 15 13 
   5   3   6   0   2   1 11 
   9   3   0   6   3   4 20 16 15 13 
   4   6   2   4   0   4 30 21 19 18 
   4   0   6   4   1   1 14 
   5   1   3   0   3   3 30 28 17 
   6   4   2   0   3   3 30 21 19 
   8   1   3   0   4   5 30 28 27 23 22 
   6   4   6   0  10   1 18 
   5   4   0   3   8   4 29 27 23 22 
   7   0   3   2   4   5 29 28 27 26 24 
   1   0   4   5   7   1 22 
   7   1   0   3   3   3 28 27 25 
   4   4   0   3   2   2 26 24 
   7   3   4   0   6   2 26 25 
   3   7   4   0   2   1 25 
   7   0   6   3   7   1 32
   4   8   5   8   0   1 32
   7   5   3   0   6   1 32
   3   7   0   7   3   1 32
   4   0   5   7   3   1 32
   5   4   4   6   0   1 32
   7   4   3   2   0   1 32
   0   0   0   0   0   0 
