
  32    4
  10   10   10   10

   0   0   0   0   0   1 2 
   9   1   1   0   1   1 3 
   8   4   4   1   0   1 4 
   9   0   5   1   2   1 5 
   6   4   6   0   5   1 6 
   7   3   0   8   6   1 7 
   5   0   5   2   6   1 8 
   4   0   4   4   3   1 9 
   8   2   5   6   0   1 10 
   6   4   0   2   4   1 11 
   5   5   1   0   5   2 31 12 
   8   0   3   4   2   1 13 
   1   6   0   4   4   2 30 14 
   7   4   6   4   0   1 15 
   2   3   0   9   3   1 16 
   9   8   2   0   4   1 17 
   5   5   4   0   2   1 18 
   3   3   0   6   3   1 19 
   4   7   0   4   3   1 20 
   5   6   2   2   0   1 21 
  10   3   4   3   0   2 29 22 
   8   0   3   2   5   1 23 
   8   2   6   0   6   1 24 
   3   3   0   8   5   1 25 
   9   3   0   4   6   1 26 
   3   3   5   4   0   1 27 
   5   5   0   5   4   1 28 
   1   0   3   2   5   1 32
   7   2   0   2   3   1 32
   5   7   7   0   3   1 32
   7   3   0   5   6   1 32
   0   0   0   0   0   0 
