
  32    4
  10   10   10   10

   0   0   0   0   0   3 2 30 31 
   8   0   1   1   1   1 3 
   4   1   2   3   0   2 23 4 
   3   5   0   2   6   1 5 
   2   5   0   3   8   3 29 16 6 
   7   0   5   4   2   1 7 
   9   4   2   3   0   3 28 11 8 
   9   5   3   5   0   3 27 15 9 
  10   0  10   2   3   2 19 10 
   4   5   0   5   5   2 26 12 
   1   7   4   3   0   2 27 15 
   9   5   0   8   5   1 13 
   5   5   4   0   2   1 14 
   1   3   4   5   0   1 17 
   8   2   0   5   5   1 17 
   6   0   5   1   4   1 17 
   8   2   4   7   0   1 18 
  10   4   2   0   4   1 20 
  10   6   0   5   3   1 20 
   7   0   4   1   4   1 21 
   4   3   6   4   0   2 24 22 
   7   3   4   0   2   1 25 
   3   0   6   4   9   1 24 
   3   3   5   0   5   1 32
   2   2   0   6   5   1 32
   3   0   2   3   2   1 32
   8   0   2   4   5   1 32
   1   0   2   4   2   1 32
   5   5   0   7   2   1 32
   6   4   6   5   0   1 32
   5   5   5   0   4   1 32
   0   0   0   0   0   0 
