
  32    4
  10   10   10   10

   0   0   0   0   0   4 2 29 30 31 
   4   1   1   0   1   4 28 27 26 3 
   4   0   6   1   3   1 4 
   3   0   3   2   3   1 5 
   3   0   2   4   7   2 25 6 
   3   0   3   2   1   1 7 
   5   2   3   0   6   1 8 
   3   0   5   7   5   3 24 23 9 
   9   3   0   3   4   1 10 
   1   0   3   3   3   1 11 
   2   3   1   4   0   1 12 
   1   4   0   4   4   1 13 
   8   0   7   3   4   1 14 
   7   4   4   5   0   1 15 
   5   0   4   7   4   1 16 
   8   0   3   3   4   1 17 
   8   5   6   0   7   1 18 
   3   0   6   8   4   1 19 
   7   3   3   4   0   1 20 
   6   5   4   2   0   1 21 
   6   8   3   1   0   1 22 
   3   0   4   3   4   1 32
   1   7   6   4   0   1 32
   6   2   6   0   2   1 32
   6   6   6   0   5   1 32
   2   4   3   7   0   1 32
   4   5   4   4   0   1 32
   8   0   4   2   4   1 32
   2   4   0   3   4   1 32
   3   0   4   6   5   1 32
   2   2   0   8   4   1 32
   0   0   0   0   0   0 
