
  32    4
  10   10   10   10

   0   0   0   0   0   1 2 
   3   1   1   0   1   1 3 
   1   4   2   0   5   1 4 
   1   3   2   0   3   1 5 
  10   0   5   1   3   1 6 
   5   5   0   4   6   1 7 
   7   0   5   2   6   1 8 
   1   0   7   6   7   1 9 
   8   3   0   4   5   1 10 
   9   3   5   8   0   2 12 11 
   2   3   0   4   5   1 13 
   2   5   0   3   4   1 13 
   8   3   0   4   1   1 14 
   6   6   0   4   3   1 15 
   4   0   5   6   5   1 16 
   9   3   2   2   0   1 17 
   3   0   4   4   5   1 18 
   1   5   0   4   4   1 19 
   6   3   5   1   0   2 22 20 
   4   7   5   4   0   1 21 
   4   8   3   5   0   1 23 
   6   3   5   0   3   1 23 
   8   0   4   2   2   2 27 24 
   7   5   4   0   4   1 25 
   9   0   7   5   3   1 26 
   2   0   2   9   5   1 28 
   4   4   0   2   4   1 28 
   1   4   2   0   3   1 29 
   4   3   5   5   0   1 30 
   1   3   5   5   0   1 31 
   8   0   3   2   5   1 32
   0   0   0   0   0   0 
