
  32    4
  10   10   10   10

   0   0   0   0   0   1 2 
   5   1   1   0   1   2 6 3 
   3   5   4   1   0   1 4 
   2   5   8   0   3   1 5 
   4   5   3   0   4   3 11 10 7 
  10   3   0   3   2   3 11 10 7 
   7   2   0   3   4   1 8 
   7   0   6   6   3   1 9 
   1   0   1   6   3   3 17 15 12 
   6   4   3   0   6   3 17 15 13 
   3   0   6   7   2   2 15 13 
   3   8   6   0   3   1 13 
   8   3   4   0   7   1 14 
   7   4   3   0   4   1 16 
   4   0   2   2   5   1 16 
   1   3   0   4   5   2 21 18 
  10   5   4   0   2   2 21 20 
   1   6   2   0   5   1 19 
   9   1   0   5   2   1 20 
   3   0   4   6   5   2 24 22 
   5   4   0   3   3   2 24 22 
   1   3   6   4   0   1 23 
  10   4   5   0   6   2 27 25 
   8   4   7   2   0   2 27 25 
   3   4   4   0   8   1 26 
   3   5   4   2   0   1 28 
   2   0   3   5   3   1 29 
   2   3   4   0   5   1 30 
   4   6   2   5   0   1 30 
   7   6   4   0   4   1 31 
   5   2   4   0   5   1 32
   0   0   0   0   0   0 
