
  32    4
  10   10   10   10

   0   0   0   0   0   3 2 3 5 
   7   0   1   1   1   2 10 4 
   1   0   4   4   7   3 10 7 6 
   1   0   4   3   3   2 7 6 
   7   1   6   6   0   2 9 7 
   4   0   4   4   1   2 9 8 
   2   3   4   0   3   1 8 
   1   0   3   4   2   2 13 11 
   9   4   0   7   3   2 13 11 
   8   3   2   4   0   2 13 11 
   5   6   3   0   6   3 16 14 12 
   2   4   5   0   6   4 25 21 19 15 
   9   5   0   4   5   3 25 17 14 
   4   5   2   0   7   2 20 18 
   1   4   3   0   2   1 17 
   8   2   0   4   3   3 31 22 21 
   4   0   7   3   4   1 18 
   2   5   1   3   0   4 31 29 24 22 
   7   0   6   3   8   4 31 29 24 22 
   7   2   5   4   0   3 31 30 21 
   8   0   2   3   4   4 29 28 24 23 
   7   0   4   3   4   3 30 28 23 
   2   4   5   0   4   2 27 26 
  10   2   5   0   5   2 27 26 
   4   8   0   6   2   1 26 
   2   0   4   3   4   1 32
   6   0   6   5   5   1 32
   9   5   3   0   5   1 32
   9   3   7   0   3   1 32
   3   6   3   0   3   1 32
  10   0   5   6   4   1 32
   0   0   0   0   0   0 
