
  32    4
  10   10   10   10

   0   0   0   0   0   1 2 
   9   1   1   0   1   2 7 3 
   4   8   0   1   6   2 10 4 
   1   0   4   2   4   2 14 5 
   5   2   5   7   0   1 6 
   2   3   3   0   2   2 22 8 
   4   3   0   2   3   1 8 
   9   4   5   3   0   1 9 
   2   0   3   6   2   2 16 11 
   9   0   4   5   6   3 22 20 13 
   2   4   0   5   6   1 12 
   2   3   5   0   3   2 20 13 
   3   2   3   0   3   1 15 
   8   5   0   2   4   3 27 20 18 
   3   5   0   1   4   2 27 17 
   6   3   2   4   0   2 27 18 
  10   1   3   0   4   1 18 
   2   3   4   0   2   1 19 
   3   5   8   0   8   2 31 21 
   2   3   5   7   0   3 31 29 23 
   8   2   5   0   3   2 29 23 
   1   2   4   6   0   2 29 25 
   3   7   5   2   0   1 24 
  10   6   0   5   5   1 25 
  10   5   8   3   0   1 26 
   6   4   1   3   0   1 28 
   8   0   1   5   4   1 28 
   7   8   7   0   4   1 30 
   9   0   3   6   6   1 30 
   4   6   0   4   4   1 32
   8   5   3   5   0   1 32
   0   0   0   0   0   0 
