
  32    4
  10   10   10   10

   0   0   0   0   0   1 2 
   8   0   1   1   1   2 7 3 
   2   1   8   0   5   1 4 
   2   5   4   3   0   3 13 10 5 
   2   1   4   5   0   1 6 
   8   7   3   0   3   2 20 8 
   9   6   0   5   7   2 20 8 
   9   5   0   2   3   1 9 
   2   5   0   5   2   2 17 11 
   7   0   4   6   4   3 21 20 14 
   5   3   6   0   4   1 12 
  10   2   0   3   5   2 21 14 
   9   4   0   1   6   2 21 16 
   6   3   2   0   3   1 15 
  10   5   2   3   0   1 16 
   5   4   8   2   0   2 28 18 
   9   5   3   0   5   2 28 18 
   7   4   4   4   0   1 19 
   6   3   5   5   0   2 31 22 
   8   5   3   0   3   2 31 22 
   6   5   0   6   1   2 31 23 
   4   5   5   0   7   1 23 
  10   4   5   0   6   2 27 24 
   2   3   3   0   6   1 25 
  10   0   3   6   7   1 26 
   9   4   4   3   0   1 29 
   6   4   3   3   0   1 29 
   9   2   5   0   3   1 29 
   5   5   0   6   2   1 30 
   9   0   4   7   3   1 32
   9   0   3   4   2   1 32
   0   0   0   0   0   0 
