
  32    4
  10   10   10   10

   0   0   0   0   0   3 2 30 31 
   8   0   1   1   1   1 3 
   1   1   0   4   2   2 24 4 
   2   0   3   4   3   1 5 
   5   3   2   0   5   3 29 14 6 
   2   3   0   3   3   1 7 
   8   7   0   2   5   3 28 11 8 
   1   6   1   0   3   2 16 9 
  10   0   5   8   2   3 23 17 10 
   4   0   3   8   4   2 27 12 
   3   8   0   3   6   2 23 16 
   7   0   3   8   4   1 13 
   8   0   4   1   6   1 15 
   7   5   3   0   8   1 15 
   5   0   6   4   3   1 18 
   1   3   5   8   0   1 18 
   6   4   3   0   3   1 18 
   8   3   5   0   6   1 19 
   2   0   6   1   3   1 20 
  10   4   0   4   4   1 21 
   2   2   3   3   0   2 26 22 
   4   0   3   6   3   1 25 
   6   4   8   0   2   1 25 
   2   0   3   4   4   1 26 
   9   6   4   0   3   1 32
  10   0   1   2   8   1 32
   6   7   8   2   0   1 32
   1   5   4   2   0   1 32
   2   2   5   7   0   1 32
   1   1   0   3   5   1 32
   6   2   7   0   4   1 32
   0   0   0   0   0   0 
