
  32    4
  10   10   10   10

   0   0   0   0   0   4 2 29 30 31 
   5   0   1   1   1   2 28 3 
   6   1   6   0   4   1 4 
   9   0   3   6   6   1 5 
   9   0   6   3   3   2 27 6 
   6   4   2   4   0   1 7 
   8   1   4   3   0   2 26 8 
   8   0   2   4   4   1 9 
   7   2   4   0   5   3 25 24 10 
   2   3   0   3   5   1 11 
  10   5   4   6   0   1 12 
   2   2   0   3   6   2 23 13 
  10   3   4   0   4   1 14 
   5   5   5   7   0   1 15 
   9   2   0   2   1   1 16 
   1   7   3   6   0   1 17 
   6   0   3   4   2   1 18 
   9   0   4   5   2   1 19 
   9   0   4   4   5   1 20 
   5   3   0   6   4   1 21 
  10   0   7   6   2   1 22 
   3   6   0   3   2   1 32
   1   5   0   5   6   1 32
   9   6   4   2   0   1 32
   9   7   0   4   4   1 32
   6   4   6   0   7   1 32
   7   0   3   3   4   1 32
   3   5   5   3   0   1 32
   7   8   3   0   5   1 32
   1   1   2   0   6   1 32
   6   0   7   3   4   1 32
   0   0   0   0   0   0 
