
  32    4
  10   10   10   10

   0   0   0   0   0   2 2 3 
   3   1   0   1   1   2 5 4 
   2   5   1   0   6   2 5 4 
   5   5   3   0   5   1 6 
   2   4   4   0   3   1 6 
   9   5   3   0   3   1 7 
   1   5   2   0   7   3 11 9 8 
   9   4   0   3   3   1 10 
   5   3   0   2   2   1 10 
   9   0   3   2   5   3 14 13 12 
   8   5   0   4   8   3 14 13 12 
   2   8   4   8   0   2 16 15 
   9   4   5   1   0   2 16 15 
   1   4   4   5   0   2 16 15 
  10   5   7   8   0   2 18 17 
   6   2   4   4   0   2 20 18 
   1   3   0   2   2   1 19 
   3   1   1   8   0   2 22 21 
   2   0   3   9   1   2 22 21 
  10   0   4   6   1   2 22 21 
   5   4   7   3   0   2 26 23 
   1   6   4   0   7   2 26 23 
   7   0   5   4   5   1 24 
  10   0   4   4   3   1 25 
  10   2   5   2   0   1 27 
   7   6   6   0   6   1 27 
   5   5   0   2   1   1 28 
   7   0   3   2   6   1 29 
   8   3   0   5   4   2 31 30 
   2   0   6   3   5   1 32
   4   2   0   4   4   1 32
   0   0   0   0   0   0 
