
  32    4
  10   10   10   10

   0   0   0   0   0   6 2 27 28 29 30 31 
   1   0   1   1   1   2 26 3 
   8   1   0   3   5   1 4 
  10   2   0   4   5   2 25 5 
   2   0   4   3   3   1 6 
   3   8   9   0   2   1 7 
   4   5   6   4   0   3 24 23 8 
   6   2   0   5   1   1 9 
   5   2   4   5   0   1 10 
   3   4   3   0   8   1 11 
  10   3   3   0   3   1 12 
   2   5   0   1   5   1 13 
   7   6   0   5   3   1 14 
   5   5   5   0   3   1 15 
   6   3   1   0   4   1 16 
   8   4   0   4   2   1 17 
  10   0   3   3   4   1 18 
   6   2   5   0   3   1 19 
   3   4   6   0   7   1 20 
   1   0   3   4   1   1 21 
   7   5   4   5   0   1 22 
   2   3   3   3   0   1 32
  10   5   0   2   7   1 32
   8   5   0   8   7   1 32
   6   0   5   5   4   1 32
  10   4   0   3   6   1 32
  10   0   4   6   5   1 32
   2   0   2   6   6   1 32
   7   7   3   0   3   1 32
   4   3   0   4   4   1 32
   1   0   6   4   2   1 32
   0   0   0   0   0   0 
