
  32    4
  10   10   10   10

   0   0   0   0   0   3 2 3 7 
   1   1   1   0   1   2 9 4 
   2   6   0   1   4   2 9 4 
   5   1   3   0   4   2 10 5 
   2   0   4   5   3   2 11 6 
   8   4   3   5   0   1 8 
   1   4   6   5   0   1 9 
  10   4   4   0   2   3 17 14 12 
   4   6   0   3   5   1 11 
   3   7   3   1   0   1 11 
   7   0   3   4   7   2 17 12 
   8   0   6   5   4   1 13 
   7   0   4   4   6   2 18 15 
   5   5   3   0   3   2 18 15 
   1   5   5   2   0   2 19 16 
   6   0   7   5   5   2 24 20 
   8   0   3   2   4   1 18 
   2   2   6   0   4   1 20 
  10   2   3   3   0   1 20 
   2   4   3   0   5   1 21 
   4   3   8   5   0   1 22 
   6   6   6   0   4   2 26 23 
   2   0   3   4   5   5 31 30 29 27 25 
   9   3   2   5   0   3 29 27 25 
  10   4   4   6   0   1 28 
   6   6   3   2   0   1 27 
   1   0   2   7   4   1 32
   2   4   3   0   5   1 32
   1   3   7   0   3   1 32
   7   0   6   5   2   1 32
   8   4   1   5   0   1 32
   0   0   0   0   0   0 
