
  32    4
  10   10   10   10

   0   0   0   0   0   3 2 3 31 
   8   1   0   1   1   2 30 4 
   4   4   1   1   0   3 30 12 5 
   1   7   5   0   5   2 12 5 
   5   0   2   1   4   1 6 
   7   3   9   3   0   3 29 28 7 
   4   6   4   6   0   1 8 
   9   4   0   5   1   2 27 9 
   5   0   4   4   4   2 26 10 
   9   3   0   6   4   2 25 11 
   7   0   6   8   3   1 13 
   9   2   3   0   4   3 24 16 15 
   6   5   3   0   7   2 24 14 
   6   0   3   7   6   1 15 
   6   6   2   4   0   3 23 19 17 
   4   2   4   0   8   4 23 22 19 18 
   8   5   6   0   4   3 22 20 18 
   3   0   6   2   1   1 21 
   7   3   5   7   0   1 20 
  10   0   3   6  10   1 32
   4   3   2   0   4   1 32
   8   6   5   2   0   1 32
  10   1   3   4   0   1 32
   4   2   4   0   2   1 32
   5   5   4   3   0   1 32
   8   4   7   3   0   1 32
   2   5   0   2   4   1 32
  10   6   2   5   0   1 32
   1   5   2   0   3   1 32
   7   0   4   6   4   1 32
   3   0   5   2   1   1 32
   0   0   0   0   0   0 
