
  32    4
  10   10   10   10

   0   0   0   0   0   3 2 30 31 
   5   1   1   1   0   1 3 
   9   2   0   5   1   3 29 19 4 
   1   3   4   0   4   1 5 
   2   5   0   4   3   2 28 6 
   8   0   2   3   6   2 27 7 
   1   0   2   4   5   4 26 25 24 8 
   6   2   0   5   3   2 23 9 
   6   3   4   0   4   1 10 
   2   5   3   0   7   2 22 11 
   2   5   3   5   0   1 12 
  10   3   3   0   3   1 13 
   1   0   6   6   2   1 14 
   6   4   7   5   0   1 15 
   6   0   1   3   4   1 16 
   3   4   8   0   5   2 21 17 
   2   6   0   5   5   1 18 
   4   1   0   3   3   1 20 
   9   6   7   0   8   1 21 
   4   6   4   2   0   1 32
   3   4   0   5   2   1 32
   8   6   3   2   0   1 32
   5   5   0   4   3   1 32
   9   4   0   5   4   1 32
   1   3   6   0   2   1 32
   8   1   5   0   4   1 32
   8   8   0   3   2   1 32
   5   3   5   6   0   1 32
   1   4   0   3   7   1 32
   5   5   0   5   4   1 32
   4   5   2   0   5   1 32
   0   0   0   0   0   0 
