
  32    4
  10   10   10   10

   0   0   0   0   0   3 2 3 5 
   1   0   1   1   1   2 10 4 
   3   0   4   2   6   2 10 4 
  10   0   2   7   5   2 9 6 
   1   1   0   9   2   3 10 9 8 
   5   2   7   0   3   2 11 7 
   5   8   5   0   7   1 8 
   8   5  10   0   3   3 18 13 12 
   5   3   0   3   5   1 11 
   4   0   5   3   2   1 11 
   8   4   4   4   0   2 18 12 
   7   8   0   4   5   1 14 
   4   6   2   0   5   1 14 
   4   5   4   1   0   2 19 15 
   5   3   0   3   4   2 17 16 
   4   7   7   4   0   2 23 20 
   9   2   2   3   0   2 23 20 
   3   3   0   5   4   1 19 
   1   4   0   5   2   1 20 
  10   3   5   0   6   1 21 
   3   2   3   0   5   1 22 
   7   0   3   4   1   2 26 24 
   4   6   3   0   4   1 24 
   4   0   4   3   4   5 31 30 29 27 25 
   2   2   0   2   5   1 28 
   2   0   3   9   4   1 27 
   1   2   4   6   0   1 32
   3   0   2   2   4   1 32
   1   4   0   5   4   1 32
  10   0   3   4   4   1 32
  10   0   5   3   5   1 32
   0   0   0   0   0   0 
