
  32    4
  10   10   10   10

   0   0   0   0   0   1 2 
   7   1   0   1   1   1 3 
   9   0   1   4   4   1 4 
   1   6   5   9   0   1 5 
   4   5   0   6  10   1 6 
   8   5   4   2   0   1 7 
   3   6   3   3   0   1 8 
   1   4   0   5   6   1 9 
   8   3   4   0   8   1 10 
   7   5   0   4   3   1 11 
   4   2   3   4   0   1 12 
   4   0   4   2   3   1 13 
   2   0   3   5   4   1 14 
   6   0   3   2   1   2 19 15 
   1   4   2   4   0   1 16 
  10   0   3   3   3   1 17 
   3   2   0   7   5   1 18 
   9   2   0   3   3   2 28 20 
   9   0   4   3   3   2 28 21 
   8   3   6   4   0   1 21 
   9   6   0   5   4   1 22 
  10   7   2   0   5   1 23 
   1   5   2   0   4   1 24 
   8   2   0   5   4   1 25 
   8   4   7   7   0   1 26 
  10   5   0   3   4   1 27 
   7   0   5   3   4   2 31 29 
   7   0   5   5   2   2 31 29 
  10   4   5   0   3   1 30 
   9   3   5   3   0   1 32
   4   4   8   2   0   1 32
   0   0   0   0   0   0 
