
  32    4
  10   10   10   10

   0   0   0   0   0   3 2 3 31 
   4   1   0   1   1   2 30 4 
   5   3   0   3   3   3 30 11 5 
   1   0   1   5   6   2 11 5 
   5   0   6   3   6   1 6 
   5   5   3   0   4   3 29 28 7 
  10   3   0   2   3   1 8 
   6   0   3   2   1   2 18 9 
   6   0   5   6   3   2 26 10 
   7   7   7   3   0   2 27 12 
   8   4   4   0   4   3 26 25 14 
   4   4   5   5   0   1 13 
  10   0   5   3   5   2 25 15 
   9   4   3   2   0   1 15 
   9   0   3  10   4   1 16 
   6   5   2   8   0   3 24 20 17 
  10   2   0   4   4   3 22 21 19 
   8   2   0   3   5   2 24 22 
  10   5   1   0   5   1 23 
   1   6   4   5   0   1 21 
   7   0   5   7   4   1 32
   3   0   4   3   4   1 32
   5   0   3   4   4   1 32
   1   5   1   3   0   1 32
   2   2   0   6   4   1 32
   9   6   8   0   3   1 32
   8   0   5   4   3   1 32
   6   0   5   2   8   1 32
   2   0   4   2   5   1 32
  10   4   6   0   4   1 32
   7   0   3   4   3   1 32
   0   0   0   0   0   0 
