
  32    4
  10   10   10   10

   0   0   0   0   0   1 2 
   6   1   0   1   1   2 7 3 
   9   0   1   1   7   1 4 
   7   2   3   8   0   3 13 10 5 
   5   4   7   0   4   1 6 
   8   1   5   3   0   2 20 8 
   7   6   3   0   3   2 20 8 
   8   3   0   2   5   1 9 
   1   4   9   0   5   2 16 11 
   8   4   5   5   0   3 21 20 14 
   4   0   2   3   1   1 12 
   9   6   6   5   0   2 21 14 
   8   2   2   7   0   2 21 17 
   5   4   4   2   0   1 15 
   7   3   6   0   6   1 17 
   2   2   2   0   4   1 17 
   7   3   0   6   4   2 28 18 
   1   6   2   0   8   1 19 
   2  10   0   4   3   2 31 22 
   9   6   2   0   4   2 31 22 
   6   0   3   4   6   2 31 23 
   9   7   3   5   0   1 23 
  10   2   4   3   0   2 27 24 
   1   0   4   4   3   1 25 
   9   8   0   3   2   1 26 
   6   0   2   4   4   1 29 
   8   3   3   0   1   1 29 
   4   5   6   0   5   1 29 
   8   1   0   5   2   1 30 
   5   0   7   5   7   1 32
   6   3   5   0   3   1 32
   0   0   0   0   0   0 
