
  32    4
  10   10   10   10

   0   0   0   0   0   1 2 
   5   0   1   1   1   1 3 
  10   1   7   0   5   1 4 
   2   0   5   5   3   2 31 5 
   9   3   4   3   0   2 30 6 
   1   5   4   0   4   1 7 
   7   5   3   3   0   1 8 
  10   0   4   2   7   1 9 
   8   0   4   6   2   1 10 
   3   4   4   5   0   1 11 
   5   6   5   0   3   1 12 
   8   0   5   5   2   1 13 
   3   4   3   4   0   2 29 14 
   2   0   3   4   3   1 15 
   1   5   0   3   4   1 16 
   3   3   4   4   0   1 17 
   5   3   4   0   3   1 18 
   4   6   4   2   0   1 19 
   7   0   5   2   6   1 20 
   1   3   0   4   5   1 21 
   5   6   0   3   4   1 22 
   5   0   3   4   4   1 23 
   8   2   4   7   0   1 24 
   1   2   4   0   5   1 25 
   1   3   0   4   7   1 26 
   2   0   3   4   6   1 27 
   1   3   6   5   0   1 28 
   7   4   0   7   3   1 32
   2   6   0   2   3   1 32
  10   6   3   4   0   1 32
   4   0   4   7   4   1 32
   0   0   0   0   0   0 
