
  32    4
  10   10   10   10

   0   0   0   0   0   1 2 
   5   1   1   1   0   1 3 
   4   0   8   3   1   1 4 
   7   4   6   0   2   1 5 
   4   4   2   4   0   1 6 
   2   6   2   6   0   1 7 
   7   5   3   3   0   1 8 
   9   4   3   5   0   1 9 
   1   4   4   7   0   1 10 
   8   5   0   3   3   1 11 
   3   8   3  10   0   2 18 12 
   2   1   0   5   3   2 31 13 
   5   0   4   2   3   1 14 
   7   0   2   6   4   1 15 
   1   6   9   0   2   1 16 
   7   8   4   0   3   1 17 
   7   4   4   0   6   1 19 
   7   3   6   2   0   1 19 
   4   0   6   5   5   1 20 
   9   2   0   7   2   1 21 
   6   2   4   0   3   1 22 
   5   0   5   3   6   1 23 
   5   3   3   3   0   1 24 
   6   4   4   3   0   1 25 
   6   3   0   2   6   2 30 26 
   6   4   2   0   5   1 27 
   9   0   4   2   5   1 28 
   4   3   4   0   2   1 29 
   2   0   1   3   4   1 32
  10   0   6   4   7   1 32
   2   0   4   3   8   1 32
   0   0   0   0   0   0 
