
  32    4
  10   10   10   10

   0   0   0   0   0   2 2 13 
   1   1   1   1   0   1 3 
   1   5   3   6   0   3 31 16 4 
   1   7   0   4   1   1 5 
   1   8   4   0   5   1 6 
   8   4   0   1   3   2 29 7 
   3   7   0   2   3   2 30 8 
   3   0   5   3   5   1 9 
   6   4   0   7   6   1 10 
  10   1   0   5   6   3 28 27 11 
   1   6   4   2   0   1 12 
   6   0   4   3   5   1 14 
   5   4   7   0   3   4 27 26 25 17 
   7   7   6   0   4   1 15 
   5   2   4   3   0   3 26 25 17 
   4   2   3   3   0   3 29 25 19 
   6   3   0   6   4   1 18 
   6   0   1   5   4   1 19 
   8   4   4   0   2   1 20 
   4   3   0   6   2   1 21 
   5   0   3   2   4   1 22 
  10   2   3   6   0   1 23 
   1   0   6   3   5   1 24 
   7   4   9   6   0   1 32
   2   0   6   5   4   1 32
   9   2   5   0   2   1 32
   1   3   0   5   7   1 32
   1   5   3   0   4   1 32
   3   3   2   3   0   1 32
   6   4   2   5   0   1 32
   6   5   3   0   5   1 32
   0   0   0   0   0   0 
