
  32    4
  10   10   10   10

   0   0   0   0   0   4 2 29 30 31 
   6   1   1   0   1   2 28 3 
   1   0   6   1   3   2 27 4 
   1   3   0   6   3   1 5 
   8   0   2   3   4   1 6 
   4   6   5   3   0   1 7 
   9   2   2   3   0   3 26 25 8 
   9   3   0   3   7   1 9 
   4   0   4   6   5   2 24 10 
   2   6   4   6   0   1 11 
   1   3   0   4   1   2 23 12 
   3   3   3   0   7   1 13 
  10   4   6   0   5   1 14 
   4   0   2   6   2   1 15 
   5   1   6   0   4   1 16 
   5   5   3   4   0   1 17 
   6   0   3   4   3   1 18 
   6   5   3   0   6   1 19 
   8   3   7   0   2   1 20 
   8   6   0   3   5   1 21 
   4   6   5   0   3   1 22 
   1   3   4   3   0   1 32
   9   4   0   1   5   1 32
   7   5   0   7   3   1 32
   2   3   0   5   3   1 32
   7   4   0   4   6   1 32
   7   5   0   2   3   1 32
   5   6   4   0   5   1 32
  10   5   5   7   0   1 32
   1   4   4   0   6   1 32
   6   0   5   3   4   1 32
   0   0   0   0   0   0 
