
  32    4
  10   10   10   10

   0   0   0   0   0   1 2 
   5   1   0   1   1   1 3 
   3   1   1   2   0   1 4 
   1   1   2   0   3   1 5 
   9   7   5   4   0   1 6 
   7   5   0   3   4   1 7 
   9   3   0   3   3   1 8 
  10   5   0   8   5   2 31 9 
   5   4   4   0   5   1 10 
   3   2   2   5   0   1 11 
   8   0   5   4   4   2 30 12 
   9   3   3   4   0   1 13 
   8   4   6   6   0   1 14 
   1   0   5   3   2   1 15 
   7   4   2   6   0   1 16 
   6   0   6   5   4   1 17 
   9   6   0   4   3   1 18 
   9   0   5   2   8   1 19 
   2   0   6   3   5   1 20 
  10   7   0   2   7   1 21 
   7   6   3   3   0   1 22 
  10   0   5   4   5   1 23 
   4   2   0   2   3   2 29 24 
   9   0   4   8   3   1 25 
   9   0   4   6   6   1 26 
   1   0   1   6   3   1 27 
   1   4   4   0   5   1 28 
  10   4   3   2   0   1 32
   2   0   6   4   3   1 32
   7   5   6   0   2   1 32
   9   6   4   0   4   1 32
   0   0   0   0   0   0 
