
  32    1
  10

   0   0  13 2 3 4 5 6 7 8 9 10 13 14 16 17 
   2   3   7 30 29 28 21 19 12 11 
   3   8   6 30 27 25 20 12 11 
   7  10   6 31 29 27 20 19 12 
   7   7   6 29 27 25 20 19 12 
   1  10   5 30 29 27 15 12 
   8  10   5 31 28 27 18 11 
   5   9   5 29 25 24 19 18 
   8   8   5 28 25 24 20 18 
   8   6   3 28 19 11 
  10   9   4 26 24 23 22 
   8   8   3 24 22 18 
   2   8   2 24 18 
   1  10   2 24 18 
   5   5   2 26 22 
   8   7   2 28 25 
   5  10   2 27 22 
   1  10   1 23 
   5   8   1 22 
   6  10   1 22 
   8   6   1 25 
   3   7   1 32
   9   8   1 32
   2  10   1 32
   8   8   1 32
   3  10   1 32
   1   4   1 32
   3   5   1 32
   6  10   1 32
   9   7   1 32
   7   9   1 32
   0   0   0 
