
  32    1
  10

   0   0   6 2 3 4 6 7 13 
   2   1   4 14 12 10 5 
   4   2   3 14 9 5 
   1   1   6 22 18 17 15 11 8 
   1   2   5 22 18 17 15 8 
   7   2   7 31 30 23 22 20 18 16 
  10   2   5 22 20 18 16 15 
   2   2   5 31 30 23 20 16 
   5   2   5 30 20 18 17 16 
   5   1   7 31 30 29 22 21 20 18 
   2   2   6 31 30 27 23 21 19 
   1   2   5 30 29 26 24 20 
  10   2   5 30 29 26 24 20 
   7   3   4 30 27 22 18 
   3   2   6 31 30 29 28 27 24 
   2   2   4 27 24 21 19 
   2   2   5 29 28 27 26 25 
  10   2   3 28 26 24 
   9   3   3 29 26 25 
   6   2   2 28 27 
   4   1   2 26 25 
   8   4   2 28 25 
   7   1   1 24 
   8   1   1 25 
   9   2   1 32
   2   1   1 32
   2   5   1 32
   5   1   1 32
   5   1   1 32
   7   4   1 32
   7   2   1 32
   0   0   0 
