
  32    1
  10

   0   0  10 2 3 4 5 6 7 8 9 10 12 
   9   2  10 29 28 26 24 23 18 16 15 14 13 
   9   9   9 30 28 27 25 24 18 15 13 11 
  10  10   9 29 27 26 25 24 23 19 18 17 
   3   4   8 27 25 24 23 19 18 17 14 
   5   8   7 29 28 23 19 18 17 14 
   2   9   6 27 26 24 21 17 16 
   5   8   6 30 27 24 23 22 15 
   2  10   4 31 23 22 15 
   1   7   4 26 23 22 14 
   8   6   3 22 21 20 
   6  10   3 26 23 20 
   4   6   2 20 17 
   9   4   2 21 20 
   9   9   2 21 20 
  10   9   2 25 20 
   4   8   1 22 
   5  10   1 21 
   1   6   1 20 
   4   7   1 32
   2   8   1 32
   9  10   1 32
   1   8   1 32
   2  10   1 32
   4   8   1 32
   9   9   1 32
   1  10   1 32
   5   9   1 32
   7   6   1 32
   4  10   1 32
   2  10   1 32
   0   0   0 
