
  32    1
  10

   0   0   5 2 3 4 8 10 
   6   5   3 13 7 6 
   9  10   3 13 7 6 
   5   8   1 5 
   2   7   2 13 6 
  10   9   2 17 9 
   8   8   2 17 9 
   9   4   4 17 14 12 11 
   6   9   3 14 12 11 
   7   6   2 14 11 
  10  10   4 21 19 18 15 
   4   9   4 21 19 18 16 
   1   8   2 21 15 
   8   8   5 31 26 23 21 20 
   6   6   1 16 
  10  10   4 31 26 23 20 
   5   9   4 31 26 23 20 
   8  10   3 26 23 20 
  10  10   4 30 26 23 22 
   6   7   3 30 24 22 
   8   3   2 28 22 
   1   8   2 29 25 
   4   9   2 28 25 
   4   7   2 28 25 
   1   6   1 27 
   3  10   1 27 
   5  10   1 32
   9   6   1 32
   6  10   1 32
   7  10   1 32
   3   8   1 32
   0   0   0 
