
  32    1
  10

   0   0   9 2 3 4 5 6 8 9 11 12 
   9   3   5 20 14 13 10 7 
   3  10   9 23 22 21 20 19 17 16 14 13 
   4   8   4 21 20 13 7 
   6   7   4 21 20 14 7 
   8   8   2 20 7 
   6  10   7 31 23 22 19 18 17 16 
   2  10   6 23 22 20 17 15 14 
  10   8   4 22 20 19 13 
   3  10   5 28 23 22 21 19 
   2   7   4 31 19 18 17 
   3   9   4 29 26 22 18 
   6   7   3 31 26 18 
   8  10   6 31 29 28 26 25 24 
   5  10   6 30 29 28 26 25 24 
   6   9   5 29 28 26 25 24 
   8  10   5 30 29 28 27 25 
   8   9   4 30 28 25 24 
   7  10   4 29 26 25 24 
   1  10   3 30 28 26 
   8  10   3 31 26 25 
   8   6   2 30 25 
   2   5   2 29 26 
   8   5   1 27 
   9   1   1 32
   7   4   1 32
  10   8   1 32
   1   9   1 32
   3  10   1 32
   4  10   1 32
   5   7   1 32
   0   0   0 
