
  32    1
  10

   0   0   9 2 3 4 5 6 8 9 10 12 
   4   1  13 31 30 29 28 26 24 22 18 17 15 14 13 11 
   3   1   5 27 26 16 14 7 
   3   5   9 28 27 25 24 22 21 20 16 14 
   2   1   8 29 26 24 22 21 20 17 14 
   8   2   8 29 28 27 24 22 21 20 19 
   1   2   7 25 24 23 22 21 20 19 
   6   1   6 28 25 22 21 17 16 
   7   1   6 25 24 23 22 20 19 
   3   2   4 26 24 20 14 
   8   3   4 25 21 20 16 
   3   2   4 26 22 21 16 
   7   1   4 27 21 20 19 
   4   5   2 23 19 
   3   2   2 25 23 
   2   1   1 19 
   8   2   1 19 
   7   5   1 20 
   6   2   1 32
   1   1   1 32
   2   1   1 32
   2   2   1 32
   7   3   1 32
   1   1   1 32
   8   2   1 32
   7   2   1 32
   2   1   1 32
  10   1   1 32
   5   3   1 32
   4   2   1 32
   8   2   1 32
   0   0   0 
