
  32    1
  10

   0   0   4 2 3 4 6 
   5   2   4 15 12 8 5 
   4   8   6 16 15 12 11 9 8 
   5   8   4 16 12 9 7 
   3   4   5 17 16 11 10 9 
   9   7   5 17 16 15 13 10 
   6  10   3 17 11 10 
   8   5   2 17 10 
   5   5   2 18 13 
   6  10   2 18 14 
   7   6   2 18 14 
   7   5   2 17 14 
   7   8   1 14 
   4   3   3 22 20 19 
  10   5   3 22 20 19 
   2   8   2 20 19 
   1   6   2 22 21 
   7   4   1 19 
   8   7   1 21 
   3   6   1 21 
   7   6   4 31 26 24 23 
   4   3   5 31 30 29 28 25 
   6   4   3 30 28 27 
   9   7   2 29 25 
   2   4   1 27 
   5   5   1 28 
   1   7   1 32
   4   6   1 32
   5   7   1 32
   5   6   1 32
   7   8   1 32
   0   0   0 
