
  32    1
  10

   0   0  12 2 3 4 5 6 7 8 10 11 13 14 17 
   3   1   6 30 27 26 15 12 9 
  10   1   6 29 27 26 15 12 9 
   1   2   6 29 27 26 24 12 9 
   8   3  11 30 29 28 27 26 25 24 23 21 20 19 
   7   2   7 27 26 25 23 21 19 16 
  10   2   6 27 25 21 19 18 16 
   8   2   6 31 25 23 22 20 19 
  10   3   5 28 25 22 20 19 
   2   2   5 30 27 26 23 21 
   8   3   5 28 26 24 20 19 
   5   1   4 23 22 21 20 
   6   1   3 29 28 19 
   7   1   3 31 23 19 
   8   3   2 24 21 
  10   2   2 22 20 
   4   2   2 22 21 
  10   2   1 24 
  10   1   1 32
   3   3   1 32
   3   1   1 32
   8   1   1 32
  10   2   1 32
   4   2   1 32
   4   2   1 32
   8   1   1 32
   5   3   1 32
   1   3   1 32
   3   1   1 32
  10   3   1 32
   8   4   1 32
   0   0   0 
