
  32    1
  10

   0   0   6 2 3 4 7 8 11 
  10   1   3 12 10 5 
   5   2   2 13 6 
   4   3   2 13 6 
   2   2   7 22 19 18 17 15 14 13 
   9   1   5 22 20 18 14 9 
   6   2   4 22 18 14 9 
   3   1   4 22 20 19 14 
   6   4   7 31 29 25 24 23 21 19 
   4   1   4 29 23 22 18 
   6   2   4 29 23 19 18 
   8   2   2 23 13 
   5   3   6 31 30 29 28 25 24 
   7   2   2 25 16 
   5   2   2 30 16 
   4   1   4 29 28 24 23 
  10   2   4 31 29 27 21 
  10   2   3 28 25 21 
   7   2   3 28 27 26 
   7   1   2 28 24 
   8   1   2 30 26 
   6   3   2 27 26 
   8   1   1 26 
   2   1   1 27 
   5   2   1 26 
   5   3   1 32
   3   4   1 32
  10   2   1 32
   9   4   1 32
   1   2   1 32
   4   1   1 32
   0   0   0 
