
  32    1
  10

   0   0   4 2 4 5 9 
   8   1   2 6 3 
   3   2   4 15 10 8 7 
   6   3   3 15 11 6 
   2   2   3 15 10 7 
   1   2   2 10 7 
   4   1   4 16 14 13 12 
   9   3   3 14 12 11 
   4   3   2 12 10 
   7   2   3 17 16 13 
   7   3   2 17 13 
   1   2   3 19 18 17 
   1   4   4 22 21 19 18 
   3   2   4 23 22 20 19 
   8   2   2 22 18 
   1   1   3 25 21 20 
  10   3   4 27 25 22 21 
   3   1   3 25 23 20 
   4   1   4 31 27 25 24 
   3   2   3 31 26 24 
   2   2   2 24 23 
   6   2   3 31 28 24 
   4   2   3 31 29 28 
   3   2   2 30 29 
   3   2   2 30 29 
  10   3   1 27 
   1   1   1 29 
   8   2   1 30 
   8   1   1 32
   6   1   1 32
   9   2   1 32
   0   0   0 
