
  32    1
  10

   0   0   9 2 3 4 5 6 8 9 14 17 
   7   3   6 30 28 27 12 10 7 
   1   4   8 30 28 26 21 20 15 12 11 
   7   8  11 31 28 27 25 24 23 21 20 19 16 15 
   2   8   7 31 28 27 23 18 13 10 
   1   5  10 29 28 27 26 25 23 22 21 20 18 
  10   4   6 25 24 20 18 15 11 
  10   6   8 31 30 24 23 21 20 19 18 
   7   7   5 27 26 21 19 18 
   5   8   4 29 26 21 19 
   9   5   3 23 22 19 
   2   8   3 25 24 18 
   2   3   3 22 21 20 
   8   7   2 20 18 
  10   5   1 22 
   8   3   1 18 
  10   3   1 19 
   9   9   1 32
   4   2   1 32
   1   8   1 32
   3   9   1 32
   6   9   1 32
   1   9   1 32
   9   6   1 32
   1   8   1 32
  10   5   1 32
   1  10   1 32
   5   6   1 32
   2   3   1 32
   7   5   1 32
   1   4   1 32
   0   0   0 
