
  32    1
  10

   0   0   6 2 3 4 5 8 13 
   6   1   7 31 26 19 17 12 10 6 
   4   3   7 29 27 18 15 14 10 7 
   8   2   9 28 27 26 23 18 17 16 15 9 
  10   1   6 30 27 25 17 16 14 
   3   1   6 28 27 24 23 21 16 
   2   1   5 26 25 24 20 16 
  10   2   4 29 26 19 14 
   1   2   2 29 11 
   3   1   5 30 25 23 22 21 
   8   3   4 25 24 22 21 
   3   3   4 28 23 22 21 
   6   2   4 26 23 22 21 
   3   3   2 23 21 
   3   3   2 22 21 
   8   1   1 22 
   5   2   1 21 
   4   3   1 24 
   9   2   1 21 
   8   2   1 21 
   1   1   1 32
   6   1   1 32
   4   3   1 32
   9   3   1 32
   3   4   1 32
   5   1   1 32
   2   3   1 32
   1   1   1 32
   6   2   1 32
   5   1   1 32
   8   2   1 32
   0   0   0 
