
  32    1
  10

   0   0   7 2 3 4 5 6 7 10 
   8   1   7 25 18 17 12 11 9 8 
   8   5   6 18 17 14 13 11 9 
   5   5   5 25 24 16 15 11 
   4   6   6 31 25 24 20 15 14 
   8   4   5 31 25 20 17 15 
  10   4   4 25 19 18 11 
   8   7   5 31 24 20 15 14 
   7   4   4 31 24 23 15 
   4   3   6 31 23 22 21 20 19 
  10   5   5 31 23 22 21 20 
   3   7   5 31 24 22 21 20 
   6   2   5 31 25 22 21 19 
   3   5   5 30 29 23 21 19 
   2   3   4 30 22 21 19 
   9   2   4 23 22 21 19 
   8   6   5 30 29 26 24 23 
   2   3   4 30 29 24 21 
   2   6   3 28 27 26 
   6   3   3 30 28 26 
   2   6   2 27 26 
   1   3   1 29 
   9   3   1 28 
   4   4   1 27 
   7   4   1 26 
   5   2   1 32
   3   3   1 32
   6   3   1 32
   6   2   1 32
   9   3   1 32
   8   6   1 32
   0   0   0 
