
  32    1
  10

   0   0   8 2 3 4 5 6 7 9 11 
   9   2   7 24 19 15 14 12 10 8 
   3  10   6 17 15 14 13 12 8 
   6   7   5 24 17 14 12 8 
   5   9   4 15 14 12 8 
   7   8   6 30 24 17 16 14 12 
   8   5   5 30 19 16 14 12 
   9   5   4 31 22 20 16 
  10   7   3 24 18 13 
   4   8   2 30 16 
  10   9   2 30 16 
   1  10   6 31 29 27 25 23 22 
   3   7   5 31 30 27 23 21 
   3   8   4 27 23 22 21 
  10   4   3 30 29 18 
  10  10   2 21 18 
   3   7   2 29 18 
   4  10   4 28 27 25 23 
   4   9   4 28 27 25 23 
   2  10   4 30 29 28 27 
  10   6   2 29 25 
  10   7   2 28 26 
   1  10   1 26 
   6  10   1 25 
   4   7   1 32
   1  10   1 32
   5   9   1 32
  10  10   1 32
  10  10   1 32
   7   9   1 32
   7   7   1 32
   0   0   0 
