
  32    1
  10

   0   0   6 2 3 4 5 7 8 
   1   2   6 17 15 12 11 10 9 
   2   9   3 15 12 6 
   6   7   8 31 30 19 17 15 13 12 11 
   3   7   3 12 11 10 
   5   7   7 31 30 22 19 17 13 11 
   6  10   6 31 30 18 17 15 13 
   9   8   5 31 30 14 13 12 
   6   8   5 30 18 16 14 13 
  10  10   8 31 30 29 28 22 21 19 16 
   1  10   5 28 27 21 20 16 
   6  10   4 27 26 25 18 
  10  10   5 28 27 26 25 20 
   3  10   4 28 26 22 20 
   4   5   5 28 26 25 23 22 
   3   9   4 26 25 24 23 
   4  10   4 26 25 24 23 
   9   5   2 29 21 
   5  10   2 25 20 
   6   4   2 24 23 
   2  10   2 24 23 
   3   8   1 27 
   9  10   1 32
  10  10   1 32
  10   9   1 32
   8   9   1 32
   5   3   1 32
   3   8   1 32
   1   6   1 32
   8   7   1 32
   8   9   1 32
   0   0   0 
