
  32    1
  10

   0   0   4 2 3 5 10 
   8   1   2 11 4 
   2   1   3 9 7 6 
   4   7   2 8 6 
   7   4   2 12 6 
   6   2   3 16 15 13 
   5   4   3 16 15 13 
   4   4   2 15 12 
   6   3   2 15 12 
   8   4   2 18 12 
   1   3   3 19 16 14 
   1   3   1 13 
   2   5   2 19 14 
   7   6   4 26 21 20 17 
  10   8   3 26 18 17 
  10   3   4 26 24 22 21 
   7   5   3 24 23 22 
   3   7   3 25 24 21 
   4   4   2 26 22 
   5   3   3 29 28 25 
   2   3   4 31 29 28 27 
   2   5   2 29 25 
   1   4   2 29 25 
   2   5   3 31 28 27 
   8   2   2 31 27 
   5   4   2 28 27 
   4   6   1 30 
   1   6   1 30 
   6   2   1 30 
   7   3   1 32
   2   3   1 32
   0   0   0 
