
  32    1
  10

   0   0   7 2 3 4 5 6 9 11 
   1   1   6 19 18 15 14 13 7 
   5   4   6 21 18 17 16 15 8 
   9   4   7 19 18 17 14 13 12 10 
  10   2   4 21 17 15 8 
   7   2   6 21 20 18 17 13 12 
   6   3   5 21 20 17 16 12 
   5   1   4 20 19 14 12 
   7   2   3 25 21 13 
   1   1   5 31 24 22 20 16 
   5   3   2 20 19 
   5   2   6 31 30 29 24 23 22 
   3   1   6 30 29 28 24 23 22 
   8   2   5 30 29 28 23 22 
   8   3   5 30 29 25 24 22 
   1   4   5 29 28 27 25 23 
   8   2   4 29 28 23 22 
   3   1   5 30 29 28 27 26 
   9   1   4 28 26 24 22 
  10   1   3 28 25 23 
   8   1   2 31 26 
   1   2   1 27 
   6   3   1 26 
   3   1   1 27 
   9   2   1 26 
   4   2   1 32
   5   1   1 32
   5   3   1 32
   2   1   1 32
   8   3   1 32
   9   1   1 32
   0   0   0 
