
  32    1
  10

   0   0   8 2 3 4 5 6 7 8 10 
   3   5   5 18 17 14 12 9 
   1   4   5 27 18 13 12 9 
   5   6   4 19 14 12 11 
   4   3   4 15 14 12 11 
   8   6   5 20 18 17 14 9 
   7  10   7 27 21 20 18 17 16 15 
   5   6   5 27 20 18 16 15 
   2  10   5 23 22 21 19 15 
   2   7   5 26 24 20 18 16 
   2   4   4 24 20 18 17 
   8   5   5 30 26 24 20 16 
   1   8   2 16 15 
   5   6   4 27 23 22 21 
   1   4   4 31 30 26 24 
  10   6   4 31 29 23 22 
   6   8   3 30 25 23 
  10   7   3 31 30 29 
   9   1   2 30 25 
  10   9   1 22 
   6   5   1 25 
   2   6   1 28 
   2  10   1 28 
   7  10   1 29 
  10   4   1 29 
   6   8   1 28 
   7   3   1 28 
   7   4   1 32
   8   3   1 32
   6   5   1 32
   9   7   1 32
   0   0   0 
