
  32    1
  10

   0   0   5 2 3 4 5 7 
   4   1   3 12 9 6 
   2   3   3 16 9 8 
   1   3   2 16 6 
   2   6   4 16 15 11 10 
   4   5   2 10 8 
   3   1   4 16 15 14 13 
  10   6   2 15 11 
   5   6   1 10 
   3   3   3 20 14 13 
   8   2   2 14 13 
   9   5   2 16 13 
   1   4   4 23 22 18 17 
   4   3   4 23 22 18 17 
   7   4   3 20 19 18 
   5   5   3 23 22 19 
   6   3   2 24 19 
   7   6   4 31 30 25 24 
   3   5   2 31 21 
   2   2   2 24 21 
   5   8   4 30 28 26 25 
   6   4   2 25 24 
  10   4   2 28 25 
   2   2   2 28 26 
   1   6   2 29 27 
   9   3   1 27 
   4   5   1 32
   6   2   1 32
  10   3   1 32
   4   6   1 32
   1   4   1 32
   0   0   0 
