
  32    1
  10

   0   0   5 2 3 5 11 14 
   7   4   5 9 8 7 6 4 
   9  10   6 16 15 13 12 9 7 
   6  10   7 23 19 17 16 15 13 12 
   2   4   7 31 19 18 15 13 10 9 
  10   9   7 30 23 20 19 17 16 12 
   8   6   6 31 30 23 20 19 17 
   4   6   3 23 21 12 
   4   7   6 30 28 27 24 23 21 
  10   7   5 30 27 23 22 17 
   5   9   4 30 23 22 16 
   4   6   5 31 29 28 27 18 
   5  10   6 30 29 28 27 24 22 
  10   9   6 30 29 28 27 24 22 
   8  10   4 28 24 22 20 
   4   9   4 28 27 26 24 
   6  10   3 28 26 24 
   2  10   2 24 22 
   6  10   1 21 
   7  10   3 29 27 25 
   7   5   1 22 
   1   7   2 26 25 
   3   7   2 29 25 
   5  10   1 25 
   4   5   1 32
   3   8   1 32
   6   9   1 32
   2   8   1 32
   1   7   1 32
  10   8   1 32
   1  10   1 32
   0   0   0 
