
  32    1
  10

   0   0   5 2 3 4 5 6 
   3   1   4 13 10 8 7 
   5   5   4 13 10 8 7 
   3   2   3 13 8 7 
   6   4   3 13 10 7 
   9   3   3 10 9 8 
   8   6   4 15 12 11 9 
   2   4   4 19 16 15 12 
   3   7   5 19 18 17 16 14 
   6   4   2 20 11 
  10   6   5 25 21 19 18 17 
   7   5   2 18 14 
   2   6   3 22 19 16 
   3   3   6 26 25 24 23 22 20 
   7   2   6 25 24 23 22 21 18 
  10   4   5 26 25 24 23 21 
   2   3   4 26 24 23 22 
   6   6   2 31 26 
   7   4   2 27 23 
   1   3   1 21 
   5   2   2 31 27 
   5   4   2 31 27 
   2   3   2 31 28 
   1   4   2 31 28 
   6   2   2 31 28 
   4   6   1 27 
   9   6   1 28 
   3   5   2 30 29 
   8   4   1 32
   5   2   1 32
   4   4   1 32
   0   0   0 
