
  32    1
  10

   0   0   3 2 3 6 
   9   2   2 5 4 
   7   5   3 11 8 7 
  10   3   3 11 9 8 
   3   6   2 8 7 
   3   3   2 11 8 
   6   8   4 14 13 12 10 
   4   7   3 14 13 10 
   7   6   2 13 10 
   6   7   6 26 22 18 17 16 15 
   3  10   5 22 21 18 16 15 
   3   7   5 26 22 21 18 15 
   2   6   5 26 22 20 18 17 
   1   7   3 22 19 16 
   5   7   3 23 20 19 
   8   4   3 31 23 20 
   2   7   3 31 23 21 
   1   5   2 31 23 
   5   5   3 31 30 25 
  10   4   2 25 24 
   4   5   2 25 24 
   3   4   1 23 
   1   6   1 24 
   2   8   4 30 29 28 27 
   6   9   3 29 28 27 
   9   5   3 31 28 27 
  10   5   1 32
   5   9   1 32
   8   9   1 32
   6   7   1 32
   7   4   1 32
   0   0   0 
