
  32    1
  10

   0   0   3 2 7 8 
   5   1   2 11 3 
   5  10   1 4 
  10   3   4 12 10 6 5 
   3   7   4 17 14 13 9 
   8   5   4 22 17 14 13 
   3   4   3 16 15 12 
   3   6   4 22 17 16 13 
   5   6   5 22 20 18 16 15 
   8   4   5 22 20 17 16 15 
   6   7   5 22 20 17 16 15 
   7   5   4 22 20 18 17 
   7   6   4 21 20 19 18 
   5   6   2 20 16 
   5   5   3 24 23 21 
   6   7   2 21 19 
   4   5   2 21 19 
   4   7   2 24 23 
   4   4   2 25 23 
   8   7   2 31 24 
   6   3   2 31 25 
   7   8   2 31 25 
   4  10   4 31 30 29 26 
   9   6   1 25 
   7   9   3 30 29 26 
   4   9   2 28 27 
   9   8   1 32
   5   4   1 32
  10   7   1 32
   9   6   1 32
   9   5   1 32
   0   0   0 
