
  32    1
  10

   0   0   7 2 3 4 5 7 8 10 
   4   1   5 31 30 17 11 9 
   7   3   4 21 17 14 6 
   3   4   6 31 30 17 14 13 12 
   1   3   5 31 30 21 17 11 
   1   3   4 30 15 13 12 
   7   5   5 30 29 21 16 13 
  10   4   3 30 13 12 
   4   6   4 21 16 15 13 
   7   4   7 30 29 28 25 20 18 17 
   2   9   2 29 13 
   7   3   5 29 27 19 18 16 
   9   4   5 28 27 20 19 18 
   6   3   5 28 27 20 19 18 
   1   2   4 28 27 19 18 
   1   4   6 28 26 25 24 23 22 
  10   6   4 27 24 23 22 
   1   3   3 26 24 23 
   5   3   3 25 23 22 
   8   5   1 22 
   3   3   1 22 
   5   4   1 32
   4   8   1 32
   9   3   1 32
   2   6   1 32
   9   2   1 32
  10   5   1 32
   7   4   1 32
   7   3   1 32
   7   2   1 32
   2   5   1 32
   0   0   0 
