
  32    1
  10

   0   0   5 2 3 7 10 11 
   3   1   3 9 8 4 
   7   1   6 31 20 13 12 9 8 
   6   4   3 20 12 5 
   8   1   5 17 16 15 14 6 
   9   1   4 31 30 29 13 
   8   2   5 29 21 19 18 17 
   9   2   5 30 29 27 21 18 
   7   1   5 30 29 23 19 17 
   2   1   5 31 29 27 21 18 
   8   1   3 28 19 16 
   2   2   2 15 14 
   5   1   3 27 21 18 
   9   4   6 30 29 27 26 23 22 
   8   4   6 30 28 27 26 23 22 
   2   3   5 29 27 26 23 21 
   4   3   4 28 26 25 24 
   5   3   3 28 26 23 
   9   3   3 27 26 22 
  10   3   3 27 25 24 
   1   2   1 22 
   2   1   1 24 
   6   2   1 25 
   1   1   1 32
   7   2   1 32
   8   1   1 32
   8   3   1 32
   9   1   1 32
   5   2   1 32
   7   1   1 32
   4   3   1 32
   0   0   0 
