
  32    1
  10

   0   0   5 2 3 4 5 8 
   4   6   5 13 12 10 9 7 
   5  10   4 13 12 9 6 
   5  10   4 13 10 9 6 
   7  10   3 14 12 11 
  10   6   3 15 14 11 
   4  10   3 15 14 11 
   8   7   1 9 
  10  10   4 20 17 15 14 
   4   8   4 25 20 15 14 
  10   8   3 20 17 16 
   4   6   3 20 17 15 
   5   7   3 25 20 16 
   4   8   2 21 16 
   9   8   2 21 18 
   8   9   1 18 
   8   7   3 25 22 21 
   1  10   2 24 19 
   8   7   3 27 23 22 
   5  10   1 21 
  10  10   3 27 26 23 
  10   5   3 31 30 26 
   2   9   4 31 30 29 28 
   6   6   2 29 27 
   4   9   2 30 27 
   1   5   2 29 28 
   1   8   1 28 
   8   6   1 32
   1   6   1 32
   7   9   1 32
   4  10   1 32
   0   0   0 
