
  32    1
  10

   0   0   4 2 3 4 7 
   4   1   4 15 10 6 5 
   9   2   7 15 13 12 11 10 9 8 
   6   2   6 18 15 13 12 11 9 
   9   7   4 13 12 9 8 
   3   4   3 13 12 9 
   5   7   4 19 18 17 13 
   5   3   4 19 18 17 16 
   1   4   3 19 17 16 
   6   4   3 19 17 16 
   5   7   3 19 17 16 
   3   6   2 19 14 
   2   3   2 21 16 
   6   4   2 21 16 
   3   6   3 22 21 20 
  10   6   2 22 20 
   9   8   2 21 20 
   6   3   2 21 20 
   5   3   1 20 
   7   4   2 26 23 
   7   4   2 26 23 
   5   2   2 26 23 
   6   4   3 31 25 24 
   9   7   4 30 29 28 27 
   4   3   2 29 28 
   1   3   1 27 
   3   3   1 32
   4   2   1 32
   2   3   1 32
   2   4   1 32
   6   1   1 32
   0   0   0 
