
  32    1
  10

   0   0   8 2 3 4 5 6 7 10 12 
   9   1   5 16 15 11 9 8 
   4  10   6 27 21 19 15 13 9 
   9   8   4 22 14 13 11 
   3   7   4 19 15 9 8 
   5  10   3 22 21 9 
   2   6   6 22 21 20 18 17 14 
   4  10   5 21 20 18 17 14 
   9   9   4 20 18 17 14 
   7   6   4 23 21 18 15 
   6   9   6 30 27 26 25 20 19 
  10   8   2 31 13 
   1  10   5 26 25 20 18 17 
   2   9   6 31 30 29 26 25 23 
   9  10   3 31 20 17 
   3  10   3 26 25 20 
   5   9   3 30 29 24 
   4   9   3 30 29 24 
   4   6   2 31 23 
   2  10   2 29 24 
   7   4   2 31 25 
   5  10   2 30 25 
   5  10   1 24 
   8   9   1 28 
  10   7   1 28 
   8  10   1 28 
   1   7   1 28 
   4   7   1 32
   4   7   1 32
   9   7   1 32
   5   5   1 32
   0   0   0 
