
  32    1
  10

   0   0  12 2 3 4 5 6 7 11 12 13 14 15 17 
   2   1   8 31 29 23 22 21 20 18 16 
   4   5   7 31 30 29 20 19 16 8 
   2   6   6 30 29 27 20 16 10 
   9  10   5 30 26 22 21 9 
   4   6   4 27 21 20 10 
  10   5   2 31 8 
   5   8   5 28 27 26 25 24 
   1   4   4 29 27 24 20 
   9   8   3 26 25 19 
  10   4   3 30 24 21 
   6   4   3 29 25 19 
   2  10   3 27 26 19 
   3   6   3 26 25 19 
   9   3   2 25 19 
   7   7   2 28 26 
   2   8   2 26 24 
   6   6   1 19 
   8   5   1 24 
   2   8   1 28 
  10   9   1 25 
   8   9   1 25 
   4   7   1 27 
   1   7   1 32
  10   3   1 32
   2   5   1 32
   2   7   1 32
   6   4   1 32
   4   3   1 32
   2   5   1 32
   7   7   1 32
   0   0   0 
