
  32    1
  10

   0   0  14 2 3 4 5 6 7 8 10 11 12 13 14 15 19 
   1  10   7 30 29 28 26 24 23 9 
   4   6   6 29 28 26 23 18 9 
   6  10   6 30 29 28 26 18 9 
   4   7   7 30 28 26 24 23 17 16 
   1   8   3 26 23 9 
   3  10   7 31 30 29 24 22 21 20 
   1  10   7 28 27 26 25 23 21 20 
   6  10   5 27 25 22 21 17 
   2   5   5 29 25 23 21 17 
   1  10   5 25 23 22 21 20 
   2   9   4 30 29 26 23 
   2   5   4 28 23 22 20 
   9   9   3 27 24 23 
   5   6   3 24 22 20 
   2   9   2 22 21 
   5  10   1 20 
   4  10   1 24 
   1  10   1 21 
   4   8   1 32
   3  10   1 32
   2  10   1 32
   1   6   1 32
   7   7   1 32
   1  10   1 32
   7   5   1 32
   9   9   1 32
  10   5   1 32
   4   3   1 32
   6   3   1 32
   2  10   1 32
   0   0   0 
