
  32    1
  10

   0   0   4 2 3 4 7 
   6   6   4 14 9 8 6 
   5   9   2 9 5 
   3   7   4 14 11 10 8 
   4  10   2 8 6 
   9   3   2 11 10 
   2   9   2 12 11 
   6   8   4 22 21 17 12 
   6   8   2 16 11 
   7   7   3 22 17 13 
   7  10   6 22 21 20 19 17 15 
   8   7   4 20 19 16 15 
   8   7   4 21 20 16 15 
   2   9   3 21 20 18 
   9   7   2 23 18 
   2   3   1 18 
   6  10   1 18 
   1   7   3 26 25 24 
   3  10   2 25 23 
   4   9   2 27 23 
   6  10   2 25 24 
   6  10   2 26 24 
  10  10   1 24 
   9   4   4 31 30 29 28 
   9   5   3 30 29 27 
   9   7   2 29 27 
   4  10   1 28 
   6  10   1 32
   8   8   1 32
   8  10   1 32
   1  10   1 32
   0   0   0 
