
  32    1
  10

   0   0   5 2 3 4 8 12 
   1   1   4 19 16 6 5 
   8   1   6 19 18 13 11 9 7 
   2   3   5 18 17 16 13 9 
   6   6   4 17 13 10 9 
   7   7   4 18 17 13 9 
   5   3   5 31 21 17 15 14 
   4   6   3 21 16 11 
   2   5   4 31 22 21 14 
   8   3   3 31 15 14 
   6   7   3 31 30 14 
   7   5   3 20 18 15 
   5   1   2 30 14 
   4   4   5 28 27 25 23 20 
   1   7   4 30 28 27 25 
   5   6   3 30 27 25 
   2   4   2 27 23 
   5   4   2 25 24 
   5   3   2 31 24 
   7   1   2 29 26 
   3   3   2 29 27 
   7   3   2 28 26 
   5   4   1 24 
   4   2   1 26 
   2   2   1 26 
  10   4   1 32
   3   4   1 32
   5   8   1 32
   6   5   1 32
   2   4   1 32
   8   4   1 32
   0   0   0 
