
  32    1
  10

   0   0  12 2 3 4 6 7 8 9 10 11 12 14 16 
   7   3   6 30 29 27 25 19 5 
   9   9  10 31 30 29 28 26 25 24 23 15 13 
   7  10   9 28 27 26 24 23 19 18 17 15 
   9  10   6 26 24 23 22 17 15 
   9  10   6 28 25 24 23 17 15 
   2  10   6 26 23 22 21 18 17 
   2  10   6 26 25 24 22 21 17 
  10   8   5 31 30 28 22 15 
  10   7   6 29 27 24 22 21 20 
   7  10   4 24 23 22 15 
   2   5   5 27 24 23 21 20 
   8  10   3 22 21 20 
   7  10   2 23 17 
  10   9   2 21 20 
   8   8   2 27 20 
   1   9   1 20 
  10  10   1 25 
   9  10   1 22 
   6   4   1 32
   3   7   1 32
   6  10   1 32
   6   8   1 32
   8   5   1 32
   4  10   1 32
  10   8   1 32
   5   7   1 32
   2   9   1 32
   3   4   1 32
   2   5   1 32
   3   5   1 32
   0   0   0 
