
  32    1
  10

   0   0   5 2 3 4 5 7 
   9   1   3 10 9 8 
   5   3   3 11 10 9 
  10   2   2 10 8 
   7   3   2 10 6 
  10   2   3 15 13 11 
   4   2   3 15 13 11 
   6   1   3 14 12 11 
   7   2   3 19 13 12 
   1   2   3 18 17 15 
  10   2   3 19 18 17 
   8   1   3 18 17 16 
   1   3   2 16 14 
   6   2   4 25 23 21 20 
   5   1   1 16 
   3   2   3 25 21 20 
   4   1   3 25 23 20 
   9   2   3 25 23 20 
   2   1   3 25 21 20 
   6   1   4 31 26 24 22 
   6   4   3 31 26 22 
   7   4   4 30 29 28 27 
   7   2   4 31 29 28 27 
   8   1   3 30 29 27 
   8   1   2 28 27 
   2   3   1 27 
   9   3   1 32
   2   1   1 32
   6   1   1 32
   1   3   1 32
   3   3   1 32
   0   0   0 
