
  32    1
  10

   0   0   4 2 3 5 6 
   5   1   4 13 9 8 7 
   5   5   2 9 4 
   5   4   4 13 12 10 7 
   5   5   4 13 12 11 9 
   8   1   3 15 13 10 
   7   6   4 18 15 14 11 
   3   3   3 18 12 11 
   2   3   2 15 10 
   7   2   5 20 18 17 16 14 
   3   5   4 25 20 17 16 
   6   2   3 20 16 14 
   2   7   4 25 24 20 16 
   4   5   5 25 24 22 21 19 
   9   5   3 25 19 17 
  10   6   3 22 21 19 
   2   4   3 24 23 21 
   6   3   2 26 22 
   6   2   2 26 23 
   8   3   2 26 23 
   1   5   2 29 27 
   7   5   1 23 
   7   4   2 29 28 
   4   2   2 31 27 
   3   4   2 31 28 
   5   3   1 27 
   5   8   1 28 
   4   7   1 30 
   7   5   1 31 
  10   2   1 32
   7   3   1 32
   0   0   0 
