
  32    1
  10

   0   0  12 2 3 4 5 6 7 9 11 12 13 14 22 
   1   5   6 31 30 27 25 19 15 
   3   9   4 30 28 26 8 
   4   8   8 30 29 28 27 26 25 20 17 
   1   8   4 28 21 16 15 
   7  10   6 29 28 27 24 21 19 
   6  10   5 28 27 25 20 18 
  10  10   2 20 10 
  10   4   4 29 26 25 17 
   7   9   3 29 25 18 
   4   4   1 15 
   3   9   4 27 26 24 23 
   7   9   4 26 25 24 23 
   3   7   3 28 25 20 
   7   9   2 26 17 
   5  10   3 27 25 23 
   2   4   2 24 23 
   3   5   2 24 23 
   4  10   1 20 
   7  10   1 23 
   1   9   1 23 
   2   8   1 24 
   2  10   1 32
  10   5   1 32
   7   9   1 32
   9   5   1 32
   7  10   1 32
   1   7   1 32
   8   9   1 32
   2  10   1 32
   7   8   1 32
   0   0   0 
