
  32    1
  10

   0   0   5 2 3 4 5 7 
   3   1   5 16 13 9 8 6 
   2   2   6 22 17 15 13 12 11 
   3   3   6 22 17 14 13 12 11 
  10   4   6 22 19 17 14 13 11 
  10   2   3 22 17 10 
   3   2   5 20 19 17 14 13 
   5   2   4 30 17 14 11 
   3   1   6 30 29 20 19 18 17 
   7   2   5 30 28 21 19 11 
   9   1   5 29 26 23 20 18 
   5   1   5 30 29 23 19 18 
   2   2   6 31 30 27 26 25 23 
   1   3   5 29 28 26 24 18 
   3   2   5 30 28 27 24 19 
   8   3   4 30 27 24 22 
  10   2   3 28 23 21 
   7   1   2 27 25 
   8   3   2 26 25 
   9   1   2 31 24 
   1   1   2 26 25 
   9   1   2 29 28 
   2   1   1 24 
   5   1   1 32
   4   2   1 32
   4   4   1 32
   6   2   1 32
   3   4   1 32
   2   3   1 32
   1   1   1 32
   4   2   1 32
   0   0   0 
