
  32    1
  10

   0   0  11 2 3 4 5 6 7 9 10 12 16 31 
   4   4   9 30 29 28 25 20 19 18 17 11 
   1   3   8 30 27 20 18 15 14 13 8 
   8   8   8 30 28 27 26 25 19 18 17 
   1   2   6 28 25 21 18 17 11 
  10   9   6 29 28 25 22 19 18 
   6   2   6 29 26 25 23 20 17 
   4   3   4 26 23 21 17 
   3   7   4 29 27 23 19 
   5   6   4 28 25 21 17 
   3   5   4 27 26 24 23 
   1  10   4 25 24 22 21 
   9   8   3 26 23 17 
   3   5   3 25 23 22 
   7   3   3 24 23 21 
  10   8   3 24 23 21 
   7   5   1 22 
   6   5   1 24 
   1   7   1 21 
   1   4   1 21 
   2  10   1 32
   4   7   1 32
   4   4   1 32
  10   7   1 32
   6   7   1 32
   4   5   1 32
   5   6   1 32
   5   7   1 32
  10  10   1 32
   7   4   1 32
   2   9   1 32
   0   0   0 
