
  32    1
  10

   0   0  10 2 3 4 5 6 7 8 9 10 12 
   1   5   5 31 21 19 14 13 
   8  10   5 31 21 18 16 14 
   6   2   4 31 23 17 11 
   2   9   3 16 15 14 
   8   6   4 31 18 16 14 
   2   6   5 31 30 18 17 14 
   3   9   4 31 23 18 16 
   5   7   3 31 19 13 
   9  10   3 23 18 16 
   6   8   2 18 16 
   1  10   2 23 13 
   5  10   4 30 26 22 18 
   3   4   5 27 26 23 22 20 
   3  10   5 31 28 27 25 21 
   8  10   4 30 28 22 19 
   9  10   6 29 28 27 26 24 22 
   9   8   3 27 24 20 
   8   9   4 27 26 25 24 
   9  10   3 29 28 25 
  10  10   3 29 26 24 
   8   6   1 25 
  10  10   1 24 
   8  10   1 32
   5   9   1 32
  10   6   1 32
   3   7   1 32
  10   5   1 32
   4   9   1 32
   5   5   1 32
   8  10   1 32
   0   0   0 
