
  32    1
  10

   0   0   6 2 3 5 6 7 11 
   8   4   4 17 16 15 4 
   1  10   4 31 12 10 9 
   1  10   4 31 13 12 10 
   7   5   4 31 21 14 12 
   3  10   4 31 21 13 12 
   4   9   1 8 
   1   6   4 31 20 17 12 
   2   6   3 23 18 13 
   1   4   5 25 22 21 20 19 
   9  10   5 25 22 20 19 18 
   5  10   6 30 28 25 23 22 18 
   5   4   5 29 25 22 20 19 
   1  10   5 29 25 23 20 19 
   9   4   4 29 27 22 20 
   1   7   4 27 25 24 20 
   8  10   3 28 27 24 
   6  10   3 29 27 26 
   3   8   2 27 24 
   1   8   2 30 28 
   2   8   2 29 27 
   8   5   1 24 
   5  10   1 24 
   7   9   1 26 
  10  10   1 26 
  10   7   1 32
   9   8   1 32
   5  10   1 32
  10   8   1 32
   2  10   1 32
   1  10   1 32
   0   0   0 
