
  32    1
  10

   0   0  10 2 3 4 5 6 7 9 15 16 19 
   7   1   8 30 29 28 24 18 13 12 8 
   9   2   8 27 26 25 24 18 17 14 12 
   2   2   6 31 29 27 25 17 11 
   3   2   5 31 30 28 24 8 
   5   1   8 30 28 26 24 23 22 21 13 
   7   1   3 27 12 10 
   6   1   7 27 26 25 23 22 21 20 
   7   2   7 29 28 27 26 25 24 20 
   5   1   5 29 28 26 24 22 
   5   2   3 24 21 12 
   3   4   2 23 20 
   1   4   2 25 20 
   2   1   2 22 21 
   6   2   2 26 25 
   8   4   2 23 21 
   2   2   1 22 
   6   5   1 20 
   1   1   1 21 
   6   3   1 32
   3   1   1 32
   2   1   1 32
  10   2   1 32
   5   1   1 32
   2   3   1 32
   4   1   1 32
   3   4   1 32
   7   2   1 32
   4   2   1 32
   5   1   1 32
   8   1   1 32
   0   0   0 
