
  32    1
  10

   0   0   3 2 3 4 
   6   3   2 6 5 
  10   5   2 12 5 
   9   4   4 11 9 8 6 
   8   3   3 16 8 7 
   6   2   4 16 13 12 10 
   9   5   3 11 10 9 
   1   5   4 19 17 15 13 
  10   3   3 19 17 13 
   1   2   3 19 15 14 
   2  10   2 19 14 
   4   5   2 19 15 
   9   5   1 14 
   8   4   5 24 23 22 20 18 
   8   3   5 24 23 22 20 18 
  10   1   3 27 22 17 
   4   6   2 24 20 
   5   5   5 31 30 27 26 25 
   1   3   3 31 26 22 
   8   3   2 25 21 
   3   3   4 31 30 28 26 
  10   4   3 30 29 25 
   5   5   2 26 25 
   7   5   2 29 25 
   3   4   1 28 
   5   4   1 29 
   7   2   1 28 
   4   6   1 32
   2   3   1 32
   9   3   1 32
   6   4   1 32
   0   0   0 
