
  32    1
  10

   0   0   9 2 3 4 5 6 8 9 11 13 
   1   2   7 18 16 15 14 12 10 7 
  10  10   3 14 10 7 
   6   5   6 24 20 19 18 17 16 
   4   5   5 24 19 18 16 12 
   7   3   3 17 16 14 
   4   9   3 24 19 17 
   6   5   5 31 22 21 20 18 
   1  10   5 31 22 21 20 18 
   1   4   4 30 29 20 19 
   3   6   4 30 29 20 19 
  10   3   6 31 30 29 28 27 22 
   9   4   6 31 29 28 27 24 22 
   8  10   3 29 27 19 
   5   3   4 30 29 24 20 
   3   8   4 31 29 28 22 
   7  10   3 29 23 21 
   4   8   6 30 29 28 27 26 25 
   9   7   3 31 28 22 
   5   6   4 28 27 26 25 
   5   5   4 30 27 26 25 
  10   6   1 23 
   7   5   2 26 25 
   2   6   2 26 25 
  10   6   1 32
   2   4   1 32
   6  10   1 32
   8  10   1 32
   7   3   1 32
  10   3   1 32
  10   4   1 32
   0   0   0 
