
  32    1
  10

   0   0   7 2 3 6 7 8 11 13 
   7   1   2 9 4 
   7   2   3 19 15 5 
   1   2   6 19 17 16 15 12 10 
   9   1   5 17 16 14 12 10 
  10   1   6 31 30 19 17 16 14 
   3   2   4 30 17 16 14 
   5   2   8 31 30 29 22 20 19 18 17 
   2   2   5 31 30 28 21 14 
   2   1   9 31 30 28 27 23 22 21 20 18 
   9   2   7 30 29 22 21 20 18 17 
   6   3   7 29 27 25 22 21 20 18 
   4   4   7 29 28 27 25 22 21 18 
   3   1   6 29 27 25 22 20 18 
   2   2   6 30 28 27 23 21 20 
  10   2   5 27 23 21 20 18 
   7   2   3 28 26 23 
   4   2   2 26 24 
   2   2   2 27 24 
   3   2   1 24 
   4   1   1 24 
   8   2   1 24 
   2   2   1 25 
   5   2   1 32
   8   3   1 32
   4   2   1 32
   8   3   1 32
   6   4   1 32
   6   1   1 32
   6   2   1 32
   4   2   1 32
   0   0   0 
