
  32    1
  10

   0   0  10 2 3 4 5 7 8 10 12 13 20 
   1   1   5 29 28 17 9 6 
   4   2   8 30 29 26 25 23 16 15 14 
   1   1   7 29 28 23 22 18 16 15 
   1   2   7 28 26 25 21 19 17 15 
   3   3   3 26 15 11 
   7   1   7 30 28 27 26 23 21 15 
   2   3   7 30 29 26 25 22 21 15 
   4   2   5 26 25 23 15 14 
  10   1   6 29 26 25 24 22 21 
   3   3   5 27 25 23 22 16 
   5   4   5 28 25 23 22 16 
   3   1   3 31 23 22 
   3   1   2 24 21 
  10   5   1 24 
   2   1   1 21 
   6   3   1 23 
  10   2   1 27 
   7   1   1 22 
   7   3   1 22 
   6   4   1 32
   9   1   1 32
   6   2   1 32
   2   3   1 32
   3   1   1 32
  10   2   1 32
   2   2   1 32
   3   1   1 32
   8   2   1 32
   5   1   1 32
   5   1   1 32
   0   0   0 
