
  32    1
  10

   0   0   4 2 3 4 7 
   8   1   2 6 5 
   7   5   2 12 5 
   9   5   2 12 5 
   6   2   4 13 11 10 8 
   3   4   4 14 12 10 9 
   1   4   4 16 14 12 9 
   6   2   3 16 14 9 
   4   4   3 21 17 15 
   4   5   3 18 17 16 
   3   4   3 21 17 15 
   9   5   2 17 15 
   4   4   2 16 14 
   6   6   4 22 21 20 19 
  10   5   3 20 19 18 
  10   5   4 23 22 21 19 
   9   3   4 30 26 24 20 
   7   3   3 31 24 22 
   7   3   4 31 30 26 24 
  10   5   3 29 25 23 
   4   3   3 30 26 24 
   2   4   3 30 29 25 
   9   6   3 31 28 27 
   6   6   2 28 27 
  10   5   2 28 27 
   1   2   2 29 27 
   8   4   1 32
   2   5   1 32
   4   4   1 32
   3   2   1 32
  10   4   1 32
   0   0   0 
