
  32    1
  10

   0   0   9 2 3 4 6 9 10 13 15 19 
   8   1   4 18 11 8 5 
   5   4   3 14 7 5 
   5   1  10 31 30 28 27 26 25 23 21 14 11 
   6   5   8 31 30 29 26 25 22 17 16 
   1   1   7 31 29 28 27 26 16 12 
   7   1   8 28 27 26 25 23 22 21 20 
   7   4   7 30 27 25 24 23 22 21 
   6   2   5 28 26 25 23 22 
   9   1   3 29 21 16 
  10   1   3 24 22 20 
   4   2   3 24 23 20 
   3   2   3 23 21 20 
  10   1   2 22 20 
  10   1   2 21 20 
   3   3   1 20 
   8   1   1 24 
   8   1   1 21 
   7   2   1 20 
   7   4   1 32
   8   2   1 32
   6   2   1 32
   7   2   1 32
   1   2   1 32
   8   2   1 32
   4   2   1 32
   3   2   1 32
   3   1   1 32
   7   3   1 32
   4   2   1 32
   8   2   1 32
   0   0   0 
