
  32    1
  10

   0   0   1 2 
   9   1   3 6 4 3 
  10   2   4 12 9 8 7 
   4   3   2 7 5 
  10   6   2 11 10 
   5   2   2 11 10 
  10   6   4 17 16 14 13 
   8   5   3 20 16 11 
   6   4   1 10 
   2   1   4 17 16 15 13 
   7   8   2 17 14 
   1   3   2 15 13 
   5   2   5 22 21 20 19 18 
  10   3   2 18 15 
   7   6   4 25 23 21 19 
   9   8   4 26 25 23 19 
   9   1   3 26 24 22 
   6   5   3 28 26 24 
  10   6   3 29 28 24 
   7   4   2 24 23 
   6   2   2 28 24 
   7   8   2 29 25 
   1   3   2 28 27 
   4   6   2 31 27 
   6   2   2 31 27 
   2   4   2 31 29 
   3   3   1 30 
   8   5   1 31 
  10   3   1 30 
   4   5   1 32
   9   3   1 32
   0   0   0 
