
  32    1
  10

   0   0   6 2 4 5 6 10 11 
   7   1   3 13 9 3 
   9   2   4 19 15 14 8 
   6   1   3 23 13 7 
   3   2   6 23 19 17 15 14 13 
   1   3   3 19 16 8 
   9   4   6 31 24 22 19 18 14 
   6   2   3 18 17 12 
   3   3   5 31 24 23 19 16 
   9   2   3 31 22 14 
   3   2   3 22 18 16 
   3   1   6 30 28 23 22 21 20 
   7   1   4 31 21 20 18 
   5   1   2 29 16 
   3   2   7 31 30 29 28 27 26 25 
   8   3   4 30 28 21 20 
   3   3   5 31 30 27 26 25 
  10   3   3 29 28 26 
   1   2   3 29 28 26 
   5   1   2 27 25 
   7   3   1 26 
   9   2   1 25 
   2   1   1 27 
   3   2   1 25 
   5   2   1 32
   4   1   1 32
   2   1   1 32
   1   4   1 32
   4   2   1 32
   3   1   1 32
   2   2   1 32
   0   0   0 
