
  32    1
  10

   0   0   6 2 3 4 5 6 7 
   7   5   4 15 13 11 10 
   3   7   2 12 8 
   4   5   3 14 13 9 
   7   7   3 14 13 9 
   9   8   3 14 12 9 
   5   7   3 15 14 11 
   6   9   2 14 9 
  10   7   2 17 11 
   1   6   2 17 12 
   4  10   2 19 16 
   9   8   2 19 16 
   9   9   2 19 17 
   4  10   1 16 
   7   5   1 17 
   3  10   2 20 18 
   2   9   2 20 18 
  10   9   3 23 22 21 
   2   5   3 23 22 21 
   3   4   4 26 25 24 22 
   9   9   2 26 24 
   4   8   3 30 28 27 
   2  10   2 28 25 
   2   8   2 30 27 
   4  10   2 31 29 
   2  10   2 30 29 
   2  10   1 29 
   6  10   1 29 
   5  10   1 32
   4   7   1 32
   3   8   1 32
   0   0   0 
