
  32    1
  10

   0   0   8 2 4 5 6 7 11 13 16 
   6   3   7 29 15 14 12 9 8 3 
   2   6  11 31 30 28 27 26 25 24 22 21 20 10 
   4   2   9 28 27 26 24 22 21 20 14 10 
   2   4   7 28 27 26 23 17 12 9 
   1   6  10 30 29 24 23 22 21 20 19 18 17 
   3   6   4 25 22 21 10 
   8   6   6 27 24 22 19 18 17 
   8   6   5 24 22 21 19 18 
   1   5   4 23 19 18 17 
   1   4   3 29 21 20 
   1   5   2 25 20 
   4   6   2 23 17 
   7   4   1 25 
   4   8   1 20 
   3   1   1 26 
   4  10   1 32
   6   9   1 32
   9   4   1 32
   6   8   1 32
   7   5   1 32
   3   8   1 32
   9   8   1 32
   1   8   1 32
   6   7   1 32
  10   6   1 32
  10   5   1 32
   5   5   1 32
   1   8   1 32
  10  10   1 32
   8   7   1 32
   0   0   0 
