
  32    1
  10

   0   0  11 2 3 4 5 6 7 8 10 15 16 31 
   7   1   8 30 29 28 27 25 18 14 9 
   4   1   8 29 28 27 25 22 20 17 11 
   9   3   5 30 28 22 12 11 
   3   1   6 28 27 25 19 17 13 
   7   1   7 29 28 27 25 23 22 14 
   8   3   5 30 25 22 20 11 
   5   1   8 29 28 26 24 23 22 21 20 
   4   4   5 26 23 22 21 20 
   2   2   5 28 27 25 22 20 
   8   3   4 26 24 23 21 
   3   3   4 29 25 21 20 
   9   2   4 24 23 22 20 
   8   2   3 24 21 20 
   3   3   2 27 26 
  10   1   2 27 20 
   6   1   1 21 
   7   1   1 22 
   6   3   1 21 
   2   1   1 32
   4   3   1 32
   7   1   1 32
   7   3   1 32
   5   4   1 32
  10   2   1 32
   6   2   1 32
   8   2   1 32
  10   1   1 32
   2   2   1 32
   6   2   1 32
  10   1   1 32
   0   0   0 
