
  32    1
  10

   0   0   5 2 4 5 6 7 
   1   5   2 8 3 
   2   9   3 11 10 9 
  10   9   3 11 10 9 
   5   9   3 11 10 9 
   8  10   2 10 9 
   7  10   3 16 15 11 
   7   8   2 11 10 
  10   8   4 18 16 15 14 
  10  10   2 13 12 
   6  10   1 12 
   7  10   3 21 18 14 
   1   9   2 18 14 
   8   6   3 25 22 17 
   6   6   3 25 22 17 
   4   7   3 22 21 19 
   9   6   2 27 19 
   7  10   2 27 19 
   7   9   3 24 23 20 
   3   6   4 31 30 28 26 
   1   4   3 30 28 26 
   5  10   3 30 29 28 
   5  10   2 28 26 
   6  10   2 30 28 
  10   9   2 29 28 
   1   6   1 29 
   9   5   1 28 
   9   6   1 32
   7   8   1 32
   1  10   1 32
   3   5   1 32
   0   0   0 
