
  32    1
  10

   0   0   9 2 3 4 5 6 8 9 10 11 
   4   4   9 31 29 27 20 19 17 14 13 12 
   9   6   9 29 28 25 24 19 17 16 15 13 
   5   5   2 13 7 
   6   4   7 28 27 26 25 20 19 17 
  10   5   6 30 25 20 19 18 15 
   3   7   6 29 27 24 21 18 14 
   7   4   3 24 18 14 
   3   6   3 25 22 18 
   6   6   3 27 26 21 
   3   5   2 24 17 
   5   9   3 25 24 23 
   4   5   2 26 18 
   6   7   2 28 25 
   2   7   2 27 26 
   9   6   2 30 26 
   4   8   1 18 
   1   7   1 23 
   3   2   1 23 
   1  10   1 24 
   1   7   1 23 
   4   3   1 24 
   9   5   1 32
   9   5   1 32
   8   3   1 32
   6   8   1 32
   9   9   1 32
   4   6   1 32
   1  10   1 32
   7   5   1 32
   8   6   1 32
   0   0   0 
