
  32    1
  10

   0   0   6 2 3 5 7 14 31 
   1   4   7 30 23 13 12 11 6 4 
   5   8   7 30 29 23 12 11 10 8 
  10   9  12 29 27 25 24 22 21 20 19 18 17 16 15 
   5   7   7 28 26 23 22 21 20 11 
  10  10   4 28 25 18 9 
   6  10   8 27 24 23 21 19 18 16 15 
   4   9   3 26 17 9 
   2   9   5 22 20 19 16 15 
   4   9   5 20 19 18 17 15 
   9  10   4 18 17 16 15 
   6   7   4 25 24 21 17 
   8   4   1 21 
   9   9   1 23 
   8  10   1 32
   5   9   1 32
  10   6   1 32
  10   6   1 32
  10   9   1 32
  10  10   1 32
   6   7   1 32
   6   7   1 32
  10  10   1 32
   9  10   1 32
   5   4   1 32
   9   7   1 32
   2   9   1 32
   9   3   1 32
   2  10   1 32
  10   9   1 32
   7   9   1 32
   0   0   0 
