
  32    1
  10

   0   0   4 2 3 4 5 
   9   6   3 10 7 6 
  10   7   2 15 6 
   5   9   3 15 12 8 
   2   5   3 12 11 8 
  10   5   2 11 8 
   2   5   2 15 8 
  10  10   1 9 
   8  10   2 14 13 
   3   6   2 14 13 
   9   6   3 21 17 14 
   2   7   1 13 
   8  10   4 31 21 17 16 
   9  10   3 31 19 16 
   9  10   5 31 24 21 20 19 
   9  10   2 20 18 
  10   7   2 19 18 
   3  10   4 27 24 23 22 
   9  10   3 27 26 23 
  10  10   2 30 23 
   3  10   1 22 
   7   8   3 30 29 25 
   4  10   2 29 25 
   2  10   2 26 25 
   2   7   1 28 
   2  10   1 28 
   2   6   1 28 
   6   8   1 32
   1   5   1 32
   4   7   1 32
   4   6   1 32
   0   0   0 
