
  32    1
  10

   0   0   3 2 4 10 
   6   1   1 3 
   9   6   2 6 5 
   5   6   2 6 5 
   4   4   2 8 7 
   9   5   3 12 11 9 
   9   6   4 16 15 13 12 
   6   5   4 16 15 13 11 
   9   7   5 22 16 15 14 13 
   1   6   3 16 15 11 
   4   9   3 22 17 14 
   6   4   3 22 20 14 
   6   7   3 20 18 17 
   9   2   4 23 21 19 18 
   2   3   4 26 23 20 18 
   8   6   4 26 24 21 20 
   4  10   2 23 19 
   7   3   3 27 25 24 
   8   7   3 26 25 24 
   8   5   2 30 25 
   8   6   4 31 30 29 28 
   8   5   4 31 30 29 28 
   1  10   1 24 
   2   9   3 30 29 28 
   8   6   3 31 29 28 
   5   7   2 29 28 
   4   7   1 28 
   9  10   1 32
   7   5   1 32
   6   7   1 32
   1   6   1 32
   0   0   0 
