
  32    1
  10

   0   0   7 2 3 4 5 6 13 15 
   7   1   4 17 16 11 8 
   5   3   4 21 14 11 7 
   6   6   3 14 12 9 
   7   2   2 21 7 
   8   5   3 31 20 10 
   6   4   4 31 19 18 17 
   5   1   5 30 22 21 20 18 
   2   6   4 31 25 19 16 
  10   4   4 30 22 18 16 
   3   4   7 31 30 25 24 23 20 19 
  10   5   6 25 24 23 22 21 20 
  10   6   6 31 29 24 23 22 20 
   5   4   3 30 28 18 
   9   6   6 30 29 25 24 23 22 
   2   4   4 28 24 23 21 
   5   5   4 30 24 23 20 
   8   3   4 29 25 24 23 
   2   4   2 28 22 
   3   9   3 28 27 26 
   8   4   3 29 27 26 
   6   4   2 27 26 
   7   5   1 27 
   4   4   1 26 
   1   5   1 26 
   2   1   1 32
   7   3   1 32
   8   3   1 32
  10   2   1 32
   9   3   1 32
   4   4   1 32
   0   0   0 
