
  32    1
  10

   0   0   3 2 3 6 
   9   2   5 17 13 10 8 4 
   9   5   5 17 16 11 9 5 
   9   4   5 31 21 20 16 11 
   3   5   2 8 7 
   4   6   1 7 
   9   8   4 31 20 19 12 
   8   2   3 19 14 12 
   7   5   7 31 30 22 20 19 18 15 
  10   6   7 31 29 22 21 20 18 15 
   5  10   3 30 19 14 
   4   4   6 30 29 26 22 18 15 
  10   5   6 30 29 27 22 19 18 
  10   4   5 29 26 22 18 15 
   9   5   4 28 27 24 23 
   6  10   3 25 24 23 
   6   6   3 26 25 23 
   2   7   2 28 25 
   2  10   2 24 23 
   7   6   2 26 23 
   4   9   2 27 26 
   4   6   1 23 
   9   7   1 32
  10   7   1 32
   1   8   1 32
   1   6   1 32
   2   4   1 32
   9   5   1 32
   7   7   1 32
  10   6   1 32
   2   5   1 32
   0   0   0 
