
  32    1
  10

   0   0   8 2 3 4 5 6 7 11 13 
   3   2   6 23 20 15 14 10 9 
   8   4   4 20 14 12 8 
   9   6   4 20 14 9 8 
   4   3   5 23 16 15 14 9 
   8   6   5 20 19 16 15 9 
   1   6   6 31 23 22 18 16 14 
   1   4   4 23 18 17 15 
   5   9   3 22 18 17 
   5   6   5 31 30 29 19 16 
   4   5   5 29 23 22 20 16 
   2  10   5 30 29 23 22 21 
   4   9   4 30 29 23 16 
   1   3   3 30 21 19 
   9  10   6 30 29 28 27 25 24 
   5   3   4 28 26 25 21 
   7   3   4 31 30 29 21 
   5   6   4 29 26 25 24 
   5   4   4 28 26 25 24 
   6   7   3 27 26 24 
   6   6   2 27 24 
   3   6   2 28 26 
   1   8   1 25 
   6  10   1 32
   2   6   1 32
   1   2   1 32
   9   7   1 32
  10   6   1 32
   4   8   1 32
   5   6   1 32
   9   9   1 32
   0   0   0 
