
  32    1
  10

   0   0   4 2 3 6 8 
   1   1   2 5 4 
   5   2   1 4 
   8   4   3 10 9 7 
   7   2   2 12 7 
   5   2   3 14 13 12 
   6   1   2 20 11 
  10   1   2 20 11 
   3   2   5 20 18 15 14 13 
   5   2   2 13 12 
   6   2   4 18 15 14 13 
   5   1   4 21 20 18 15 
  10   1   3 22 17 16 
   2   1   4 23 22 21 19 
   5   1   3 24 23 19 
   4   2   3 25 23 21 
  10   2   2 24 19 
  10   1   1 19 
   3   4   3 27 26 25 
   4   3   3 27 26 25 
   6   5   3 28 27 26 
   3   2   2 30 25 
   9   1   3 31 30 29 
  10   5   3 31 30 29 
   6   2   2 31 28 
   5   2   2 30 29 
   2   2   2 30 29 
   7   2   1 29 
   7   1   1 32
   5   2   1 32
   5   1   1 32
   0   0   0 
