
  32    1
  10

   0   0   3 2 3 4 
   7   1   3 8 6 5 
   9   2   4 10 9 7 6 
   8   1   2 12 5 
   2   1   3 17 10 9 
   1   1   3 14 12 11 
   6   3   3 17 16 12 
   7   2   3 16 14 13 
   8   2   2 16 13 
  10   3   2 14 13 
   3   2   4 22 18 17 16 
   1   3   1 13 
   3   2   2 18 15 
   8   2   2 18 15 
   7   2   5 31 24 22 20 19 
   1   3   3 31 24 19 
   5   2   2 21 20 
   3   2   4 31 30 26 24 
   4   1   3 30 23 21 
   3   1   2 30 23 
   5   1   2 26 25 
   2   3   2 30 25 
   4   5   1 25 
   8   1   1 25 
   5   1   3 29 28 27 
   8   2   1 27 
  10   2   1 32
   2   2   1 32
   3   2   1 32
   6   2   1 32
   6   3   1 32
   0   0   0 
