
  32    1
  10

   0   0   3 2 3 5 
   9   3   2 13 4 
   7   8   3 13 7 6 
   3   9   2 7 6 
  10   7   4 13 11 10 9 
   1   6   3 11 10 8 
   4   5   3 11 9 8 
   9   4   5 23 20 18 15 14 
   3   6   5 23 20 18 15 14 
   1   4   3 19 16 12 
   3   4   4 18 17 16 15 
   1   8   3 23 18 15 
   9   5   3 19 18 16 
   2   5   2 22 17 
   9   6   4 25 24 22 21 
   4   6   4 25 24 22 21 
   4   5   3 24 21 19 
   8   6   3 27 25 21 
   8   6   2 27 25 
  10   7   3 31 27 26 
   6   4   3 31 28 26 
   9   7   3 31 30 27 
   5   4   3 31 30 27 
  10   2   3 31 30 28 
   1   8   2 31 26 
   3   8   2 30 29 
   9   5   1 28 
   2  10   1 29 
   1   5   1 32
   2   7   1 32
   5  10   1 32
   0   0   0 
