
  32    1
  10

   0   0   3 2 4 6 
   7   1   1 3 
   5  10   7 16 15 12 9 8 7 5 
   4   4   6 21 15 14 13 9 8 
   9   8   4 21 13 11 10 
   7   6   3 22 21 9 
   4   3   4 21 18 14 10 
  10   8   5 31 29 22 18 10 
   3   6   4 31 29 18 10 
   2   8   6 30 28 27 20 19 17 
   7   9   6 29 27 22 20 19 17 
   5   4   5 30 29 21 18 17 
   5   9   6 31 27 26 25 20 18 
   2   4   6 31 30 29 24 23 19 
  10   5   5 27 25 24 23 19 
   2   9   4 27 25 24 23 
   6   5   3 25 24 23 
   5   5   2 28 23 
   1   7   1 26 
   9   8   1 23 
   3   4   1 23 
   5   5   1 23 
   5   8   1 32
   8   7   1 32
   5   3   1 32
   2   5   1 32
   7   5   1 32
   1   4   1 32
   3   6   1 32
  10   8   1 32
  10   6   1 32
   0   0   0 
