
  32    1
  10

   0   0   3 2 3 4 
   3   1   3 8 7 5 
   4   5   3 14 7 6 
   3   2   3 14 10 7 
   5   2   5 18 15 14 12 10 
   2   5   3 15 13 11 
   4   6   1 9 
   8   2   4 15 14 13 12 
   5   5   2 13 11 
   8   3   3 24 17 13 
  10   5   2 18 12 
   2   4   4 24 21 19 17 
   3   4   2 21 16 
   6   8   2 21 16 
   5   6   2 19 17 
   8   6   2 20 19 
   3   5   3 23 22 20 
   8   6   1 19 
   3   2   3 26 23 22 
   9   2   4 31 27 26 25 
   5   2   4 31 27 26 25 
   2   5   4 31 28 27 25 
   8   6   3 30 28 25 
   9   1   2 29 26 
  10   3   1 29 
   6   5   1 28 
   4   6   1 30 
   2   2   1 32
   2   2   1 32
   3   5   1 32
   5   4   1 32
   0   0   0 
