
  32    1
  10

   0   0   4 2 3 4 8 
   8   1   2 6 5 
   7   2   4 15 12 10 9 
   9   2   3 15 9 7 
   4   1   4 15 12 11 10 
   9   3   3 15 12 9 
   8   5   5 16 14 13 12 11 
   4   3   5 16 15 14 13 11 
   7   2   4 16 14 13 11 
   8   1   4 18 16 14 13 
   5   2   3 19 18 17 
   2   1   4 27 20 19 17 
  10   1   3 27 20 19 
   5   1   3 27 22 17 
   5   1   2 22 17 
   1   1   4 27 25 23 21 
   7   4   3 25 23 21 
   8   1   2 27 20 
   7   3   2 23 21 
   9   3   2 24 22 
   4   4   3 31 26 24 
  10   4   2 31 25 
   3   1   1 24 
   6   1   2 30 28 
  10   2   2 30 28 
   8   3   2 30 29 
   9   2   1 28 
   5   2   1 29 
   2   1   1 32
   2   1   1 32
   9   1   1 32
   0   0   0 
