
  32    1
  10

   0   0   6 2 3 4 5 6 7 
   6   1   3 10 9 8 
   9   2   3 12 11 10 
   3   5   3 11 10 9 
  10   3   2 10 8 
   7   7   2 10 9 
   1   2   3 14 13 12 
   4   7   2 14 11 
   4   6   3 15 14 13 
   3   5   2 14 13 
   2   2   2 15 13 
   8   2   4 19 17 16 15 
   4   4   5 25 20 18 17 16 
  10   7   3 22 21 19 
   3   2   3 25 22 20 
   6   4   3 24 23 21 
   9   4   3 24 22 21 
  10   3   3 24 23 21 
  10   7   1 20 
   2   2   3 31 24 23 
   4   3   4 31 30 27 26 
   8   2   3 30 27 26 
   6   2   2 30 26 
   2   4   2 29 27 
   7   3   2 29 27 
   3   8   2 29 28 
   8   5   1 28 
  10   3   1 32
  10   4   1 32
   6   6   1 32
   9   5   1 32
   0   0   0 
