
  32    1
  10

   0   0   7 2 3 4 5 6 7 10 
   3   1   5 14 13 12 11 8 
   4   3   6 20 19 17 16 14 9 
   4   2   7 23 22 21 19 17 15 12 
  10   6   3 20 16 14 
   1   2   5 23 21 20 17 15 
   7   4   5 25 21 20 17 15 
   5   4   4 25 21 17 16 
   5   3   4 25 23 21 15 
   3   3   3 20 17 16 
   2   1   3 25 20 15 
  10   6   4 31 25 20 18 
   9   6   4 25 22 20 18 
   2   5   6 31 29 28 27 25 23 
   1   3   3 31 30 18 
   5   5   3 31 22 18 
   6   5   5 30 29 28 27 24 
   7   1   4 29 28 27 24 
   7   6   3 29 27 24 
   5   3   2 30 24 
   6   9   2 28 24 
   3   2   2 27 26 
   9   6   1 24 
   9   6   1 26 
   3   3   1 30 
  10   2   1 32
  10   8   1 32
   2   3   1 32
   1   3   1 32
   9   5   1 32
   7   4   1 32
   0   0   0 
