
  32    1
  10

   0   0  10 2 3 4 5 8 9 10 12 20 31 
   8   9   8 30 29 28 17 16 14 13 7 
   7  10   4 28 25 24 6 
   5   4   6 30 28 17 13 11 7 
   5   9   8 28 26 25 24 21 16 15 13 
   1   5   7 30 29 26 18 16 15 13 
   9  10   6 27 26 25 24 23 15 
   8   7   5 26 24 23 19 16 
  10   4   3 25 24 11 
   8   9   5 27 24 23 22 21 
  10  10   3 26 22 21 
   9   7   3 29 25 21 
   9   9   2 27 23 
   4   9   2 24 23 
   3  10   1 22 
   5   4   1 22 
   5   9   1 21 
   8   6   1 21 
   5  10   1 25 
   6  10   1 21 
   2   9   1 32
   1  10   1 32
   4   6   1 32
   5   6   1 32
   1   4   1 32
   5  10   1 32
   4  10   1 32
   3  10   1 32
   9  10   1 32
   5   4   1 32
   4  10   1 32
   0   0   0 
