
  32    1
  10

   0   0   6 2 3 4 5 6 8 
   6   1   4 22 10 9 7 
   2   7   7 22 19 18 17 15 13 12 
  10   7   4 31 15 11 9 
  10   8   5 31 19 16 15 11 
   8   6   4 31 17 16 15 
   2   9   3 18 16 15 
   3   7   7 31 29 28 27 22 20 16 
   9   9   4 20 19 17 16 
   8  10   3 31 16 14 
  10   5   5 27 22 21 20 17 
   6   6   5 29 28 27 20 16 
   4   6   6 31 29 28 27 25 21 
   4   3   2 19 17 
   2   7   5 29 28 27 26 20 
   2   5   2 25 21 
   5   6   4 29 28 26 25 
   6   8   4 31 27 25 24 
   5   5   3 28 27 23 
  10   7   3 30 25 24 
   5   4   2 26 23 
   1   6   1 23 
   5   4   1 24 
   8   2   1 32
   5   9   1 32
  10   6   1 32
   2   5   1 32
   5   5   1 32
   1   6   1 32
   9   5   1 32
   3   6   1 32
   0   0   0 
