
  32    1
  10

   0   0   4 2 3 4 7 
   3   4   4 11 9 8 6 
   2   6   3 11 6 5 
   1   7   3 16 11 8 
   2   2   2 16 8 
   5  10   2 16 10 
   5   5   2 16 10 
   3  10   1 10 
   9  10   1 10 
   1  10   4 15 14 13 12 
   6  10   4 21 19 17 15 
   2   7   5 27 21 20 19 18 
   9  10   4 23 21 18 17 
  10  10   5 27 23 21 20 18 
   4   7   4 27 23 20 18 
   4  10   4 27 22 20 19 
   6   9   3 27 22 20 
   7   6   3 25 24 22 
   8   8   2 24 23 
   1   9   2 25 24 
   4   8   1 22 
   2  10   3 31 28 26 
   4  10   3 31 30 25 
   5  10   3 30 29 28 
   3   7   1 28 
   4   7   1 29 
   2   7   1 28 
   8  10   1 32
   2  10   1 32
   9   6   1 32
   6   5   1 32
   0   0   0 
