
  32    1
  10

   0   0  10 2 3 4 5 6 7 8 9 10 12 
   3   1   8 30 28 27 19 16 15 13 11 
  10   2   8 28 26 24 23 18 16 15 14 
   9   1   8 29 28 26 24 23 18 16 14 
   2   2   7 31 30 25 16 14 13 11 
   2   2   6 26 25 24 18 16 14 
   6   2   5 31 25 22 20 16 
   5   1   5 29 27 23 22 17 
   3   3   3 23 16 14 
   9   1   5 28 26 25 23 22 
   6   1   4 24 23 22 21 
   4   1   2 23 14 
   3   2   2 23 17 
   8   2   2 22 21 
   4   1   2 25 21 
   3   2   1 17 
   1   1   1 21 
   3   2   1 27 
   5   3   1 26 
   3   4   1 24 
   4   2   1 32
   4   1   1 32
  10   3   1 32
  10   3   1 32
   9   1   1 32
   3   2   1 32
   7   3   1 32
   4   4   1 32
   5   2   1 32
   5   2   1 32
   4   3   1 32
   0   0   0 
