
  32    1
  10

   0   0   3 2 4 7 
   8   2   3 9 5 3 
   2   5   4 12 11 8 6 
   5   5   4 12 11 8 6 
   4   7   3 13 11 8 
   2   4   4 21 16 15 13 
   6   7   3 16 15 11 
   8   5   2 15 10 
   1   9   3 21 15 13 
   8   7   3 21 20 14 
   4   4   2 21 14 
   3   5   1 13 
   5   9   1 14 
   2   4   2 18 17 
   7   6   2 19 17 
   1   9   3 25 23 19 
   9   5   3 25 23 22 
   3  10   2 25 19 
   8   7   2 31 22 
   1   2   2 31 22 
   7   3   1 22 
   8   3   2 26 24 
  10   7   3 31 30 28 
   5   6   2 29 27 
  10  10   2 29 27 
   2   7   1 28 
   4   9   1 30 
   1   2   1 29 
   2   5   1 32
   3   9   1 32
   2   7   1 32
   0   0   0 
