
  32    1
  10

   0   0  12 2 3 4 5 6 7 8 10 11 13 14 16 
   7   1   9 31 30 29 27 26 24 18 15 9 
  10   3   6 29 28 27 18 12 9 
   6   1  10 31 30 28 27 26 25 24 23 22 17 
   2   1   7 29 27 26 25 24 22 17 
  10   1   6 27 25 24 23 22 17 
   2   4   6 30 28 23 22 21 20 
   4   1   5 25 23 21 20 19 
   3   3   3 25 22 17 
   9   2   3 24 23 17 
   2   1   3 22 21 18 
   8   2   4 26 24 22 20 
   9   1   4 28 24 23 21 
   2   2   4 26 25 24 20 
   8   2   3 23 22 20 
   8   1   3 26 21 20 
   4   3   2 21 20 
   3   4   2 23 20 
  10   2   1 22 
   4   2   1 32
   5   2   1 32
   7   1   1 32
   4   3   1 32
   7   1   1 32
  10   4   1 32
   7   2   1 32
  10   2   1 32
   1   1   1 32
   3   2   1 32
   4   2   1 32
   5   3   1 32
   0   0   0 
