
  32    1
  10

   0   0   6 2 3 4 5 6 7 
   2   1   6 18 15 14 12 11 8 
   4   3   4 15 13 11 10 
   4   5   2 15 9 
  10   5   7 30 25 24 23 18 16 14 
   7   4   5 31 25 19 18 11 
   2   4   4 25 24 17 14 
   7   4   9 30 29 25 24 23 21 20 19 16 
   8   2   8 31 29 25 24 21 20 19 17 
   3   4   7 29 28 24 21 19 18 17 
   7   4   7 29 28 27 24 21 20 17 
   3   3   6 30 29 23 20 19 16 
   7   4   5 29 25 23 21 16 
   9   2   5 31 29 21 20 19 
   8   5   4 30 29 22 16 
   4   6   4 31 28 27 26 
   1   4   3 30 23 22 
   8   8   2 27 20 
   2   7   2 27 22 
   3   5   1 22 
   2   2   1 22 
   1   2   1 26 
   3   3   1 26 
   4   3   1 26 
   1   4   1 28 
   4   4   1 32
   6   4   1 32
   3   6   1 32
   2   4   1 32
   4   2   1 32
   4   6   1 32
   0   0   0 
