
  32    1
  10

   0   0   3 2 3 5 
   5   1   3 8 6 4 
   9   3   3 10 8 6 
   7   2   5 13 12 10 9 7 
   4   3   4 10 9 8 7 
   6   2   3 14 13 7 
   7   1   3 16 15 11 
   6   4   3 14 12 11 
  10   2   2 14 11 
   6   2   2 18 15 
   3   3   4 20 19 18 17 
   5   1   4 20 19 18 17 
  10   1   3 20 19 18 
   3   3   3 23 20 18 
   3   3   3 20 19 17 
   5   1   4 25 23 22 20 
   7   1   5 31 27 25 23 22 
   1   1   3 31 22 21 
   2   3   5 27 26 25 24 23 
   6   4   4 31 27 26 24 
   4   2   4 30 27 26 25 
  10   1   2 26 24 
   3   3   3 30 29 28 
   9   1   2 30 29 
   6   3   2 29 28 
   6   2   1 28 
   3   1   1 28 
   8   1   1 32
   5   3   1 32
  10   1   1 32
   6   1   1 32
   0   0   0 
