
  32    1
  10

   0   0   5 2 3 4 5 8 
   3   1   3 13 11 6 
   2   2   4 22 16 12 7 
   8   1   4 22 14 9 7 
   6   2   6 22 21 19 15 10 9 
  10   2   5 21 19 17 15 9 
   5   1   6 29 21 19 18 17 15 
   2   1   5 31 22 21 19 10 
   1   1   6 30 29 28 26 20 18 
   8   1   5 30 29 27 20 17 
   6   1   5 30 29 28 20 18 
   7   1   5 31 30 29 21 19 
   7   3   4 29 22 20 18 
   9   2   4 27 21 20 17 
   4   3   5 31 30 27 26 20 
   3   6   7 30 29 27 26 25 24 23 
   9   2   5 28 26 25 24 23 
   1   3   4 31 27 24 23 
   7   4   1 20 
   2   2   3 25 24 23 
   6   1   2 26 23 
   3   1   2 28 23 
   6   1   1 32
   9   3   1 32
  10   3   1 32
   7   3   1 32
   3   1   1 32
   8   1   1 32
   5   3   1 32
   6   1   1 32
   4   3   1 32
   0   0   0 
