
  32    1
  10

   0   0   3 2 4 5 
   1   1   2 8 3 
   2   4   3 10 7 6 
   8   4   2 7 6 
   8   8   2 11 6 
   1   9   4 17 13 12 9 
   1   8   2 11 9 
  10  10   3 21 12 11 
   7   7   5 21 20 18 16 14 
   5   6   3 21 17 14 
   3   7   3 18 17 15 
   6   4   4 26 22 20 18 
   7   3   3 21 20 18 
   2   4   1 15 
  10   7   3 26 22 19 
   8   2   2 22 19 
   4   7   2 26 20 
   2   6   1 19 
   2   6   2 25 23 
   6   9   2 28 23 
   1   4   1 22 
   6   3   3 31 28 24 
   3   7   2 31 24 
   4   6   2 30 27 
   8   3   2 30 28 
   3   9   1 27 
   9   8   1 29 
   7   6   1 29 
   8  10   1 32
   5   6   1 32
   8   6   1 32
   0   0   0 
