
  32    1
  10

   0   0  14 2 4 5 8 9 10 13 14 15 16 18 19 22 23 
   3   3   3 21 7 3 
   1  10   6 31 30 29 20 12 11 
   8   9   4 31 29 20 6 
   8   7   3 21 17 7 
   7  10   2 17 12 
   3   6   6 30 28 27 26 25 24 
   3  10   6 29 28 27 26 25 24 
  10   6   5 30 29 28 26 24 
   5   7   5 31 27 26 25 24 
   2   8   3 27 25 17 
   2   7   4 27 26 25 24 
  10   8   4 27 26 25 24 
  10  10   3 27 26 25 
   6  10   3 28 25 24 
   8   6   1 17 
   7   8   2 28 24 
   7  10   2 29 25 
   2   8   2 26 24 
   4  10   1 24 
   7  10   1 24 
   1  10   1 26 
   4  10   1 25 
  10   3   1 32
   1  10   1 32
   8  10   1 32
   5   8   1 32
  10   4   1 32
   9   6   1 32
   4   7   1 32
   9   9   1 32
   0   0   0 
