
  32    1
  10

   0   0  12 2 3 4 5 6 8 11 12 13 14 16 22 
   9   4   9 31 30 27 25 20 19 18 17 9 
   4   4   7 29 28 27 20 19 18 10 
   2   7   5 31 25 21 17 7 
   6   5   5 30 27 25 15 9 
   9   9   7 30 29 26 25 24 18 17 
   6   4   6 28 27 26 24 19 18 
   1   5   6 30 26 25 24 18 17 
   5   8   5 29 28 26 24 23 
   3   7   4 26 25 24 17 
   8   7   4 29 24 18 17 
   3  10   4 31 27 24 23 
   3   6   3 25 24 17 
   5   5   3 28 25 24 
   5   8   2 24 17 
   4   5   2 30 25 
   1   4   1 23 
   9   3   1 23 
   4   5   1 23 
   7   8   1 23 
   2   7   1 27 
   2   6   1 24 
   4   8   1 32
   5  10   1 32
   6  10   1 32
   1   4   1 32
   4   3   1 32
   8   5   1 32
   8   4   1 32
   6   2   1 32
  10   7   1 32
   0   0   0 
