
  32    1
  10

   0   0  12 2 3 4 6 7 8 9 11 12 17 18 31 
   8   1   6 21 20 19 15 10 5 
   5   8   6 30 29 22 19 13 10 
   2   5   8 30 29 28 27 26 21 14 13 
   3   9   7 30 29 27 26 16 14 13 
   3   4   3 25 15 10 
   8   3   4 28 27 19 13 
   6  10   4 30 29 27 13 
   9   3   4 30 26 24 13 
   1   7   5 28 27 26 24 23 
   3   4   5 29 27 25 24 23 
   1   7   4 28 25 23 20 
   6   6   2 25 23 
   7   9   2 24 23 
   6   7   2 26 23 
   3   7   2 25 23 
   5   8   2 28 23 
   4   1   2 25 24 
   7  10   1 24 
   8   7   1 24 
   1   5   1 24 
   6   4   1 26 
   5   4   1 32
   3   5   1 32
   7   9   1 32
   5  10   1 32
  10   7   1 32
   3   5   1 32
   8   3   1 32
   7   5   1 32
  10   7   1 32
   0   0   0 
