
  32    1
  10

   0   0   3 2 4 7 
   7   1   2 6 3 
   3   3   1 5 
  10   2   1 5 
   5   3   5 15 14 10 9 8 
   8   3   4 15 10 9 8 
   1   2   4 16 14 10 9 
   2   3   3 19 16 11 
   7   3   2 13 11 
   9   2   2 19 12 
   2   1   1 12 
   8   2   4 23 21 20 17 
   8   1   4 23 21 20 17 
   5   1   4 23 21 20 17 
   2   3   3 20 18 16 
   6   4   5 31 24 23 22 21 
   2   1   3 26 22 18 
   2   1   5 31 30 27 25 24 
   7   2   3 27 26 22 
   4   2   4 31 30 25 24 
  10   1   4 30 29 26 25 
   9   3   3 30 29 25 
   9   1   3 30 29 25 
   1   2   2 29 28 
   6   2   1 28 
   1   2   1 28 
   3   2   1 29 
   7   1   1 32
   9   4   1 32
   3   1   1 32
   9   1   1 32
   0   0   0 
