
  32    1
  10

   0   0   3 2 3 5 
   4   1   2 7 4 
   4   2   1 4 
   9   2   3 9 8 6 
  10   2   4 15 11 9 8 
   5   2   5 16 15 14 11 10 
   2   2   4 19 15 14 9 
   6   2   4 19 14 13 12 
   8   2   3 16 13 12 
   8   1   3 19 18 12 
   4   2   4 23 22 19 17 
  10   2   3 22 21 17 
   2   2   3 22 18 17 
   3   1   2 23 18 
  10   3   2 22 20 
   5   3   4 27 26 24 23 
   2   1   1 20 
   6   1   1 20 
   9   2   1 20 
  10   3   4 31 27 26 24 
  10   3   3 27 26 23 
   1   2   3 31 26 24 
  10   1   2 31 25 
   3   1   1 25 
   2   1   3 30 29 28 
   9   2   1 28 
   8   4   1 28 
   4   4   1 32
  10   1   1 32
   1   3   1 32
   8   2   1 32
   0   0   0 
