
  32    1
  10

   0   0   6 2 3 4 6 7 10 
   3   1   4 20 12 9 5 
   3   2   3 14 11 8 
   5   2   4 20 14 12 11 
   1   3   4 31 21 14 13 
   1   1   3 15 13 12 
   3   2   3 21 17 12 
  10   4   4 21 20 17 16 
   3   2   4 30 18 17 16 
   6   4   5 31 30 29 22 16 
   7   2   6 31 29 28 25 19 18 
   4   1   4 30 29 22 16 
   9   4   3 30 29 16 
   6   1   5 29 28 27 25 22 
   8   2   4 30 25 24 20 
   1   1   3 28 25 19 
   7   1   4 29 25 24 23 
   3   1   3 27 24 22 
   3   2   3 27 24 23 
   8   3   3 28 27 26 
   6   1   3 30 28 26 
   9   3   1 23 
   1   1   1 26 
   2   2   1 26 
   3   2   1 26 
   2   1   1 32
   8   2   1 32
   4   4   1 32
   4   2   1 32
   3   1   1 32
   5   2   1 32
   0   0   0 
