
  32    1
  10

   0   0   4 2 3 5 7 
   3   5   4 16 8 6 4 
   9   6   7 26 23 15 14 13 12 11 
   3   8   6 23 18 17 13 11 10 
   9   7   3 18 10 8 
   3   3   3 31 23 9 
   2   8   4 30 26 23 11 
   9   6   3 30 14 11 
  10   5   4 30 26 19 14 
   7   7   4 26 20 19 15 
   1   6   5 31 22 21 20 19 
   7   7   4 22 20 19 18 
   9   6   6 31 30 29 28 25 22 
   3   3   5 29 25 22 21 20 
  10   8   3 30 25 22 
   6   3   3 30 25 22 
   3   4   2 24 19 
   4   6   3 30 28 24 
   2   8   2 29 25 
   6   5   2 28 24 
   7   4   2 28 24 
   8   7   1 24 
   9  10   1 25 
   9   4   1 27 
   3   5   1 27 
  10   8   1 28 
   9   5   1 32
   2   5   1 32
   8   5   1 32
   8   7   1 32
   6   9   1 32
   0   0   0 
