
  32    1
  10

   0   0   9 2 3 4 5 6 7 8 13 14 
   9   1   5 17 15 12 10 9 
   7   2   5 19 17 16 15 12 
   1   1   4 18 17 16 9 
   3   2   3 17 16 9 
   1   1   3 23 20 11 
   1   1   3 19 17 12 
   7   4   3 18 15 12 
   8   1   6 31 30 23 21 20 19 
   3   3   6 31 30 23 21 20 19 
   4   1   4 30 19 18 17 
  10   2   5 31 30 23 21 20 
   1   1   4 29 26 22 21 
  10   3   3 31 27 16 
   6   1   6 31 30 29 26 24 21 
   4   2   3 30 29 20 
   7   5   6 31 29 27 26 25 24 
   4   2   3 29 24 21 
   6   2   5 29 27 26 25 24 
   1   2   4 28 26 25 24 
   1   2   3 28 27 25 
   3   1   2 30 23 
  10   4   1 24 
   9   2   1 32
   8   1   1 32
   5   2   1 32
   3   2   1 32
   7   4   1 32
   4   2   1 32
   9   2   1 32
   2   1   1 32
   0   0   0 
