
  32    1
  10

   0   0   4 2 3 4 5 
   5   9   4 11 10 7 6 
   3   5   3 13 10 8 
  10  10   2 13 8 
   6   4   1 7 
   8   9   3 13 12 9 
   3   8   1 8 
   6  10   2 12 9 
   6   8   4 17 16 15 14 
   5   3   3 17 16 12 
   3   7   3 17 16 12 
   2  10   1 14 
   5   9   1 14 
   9  10   3 20 19 18 
   9   9   3 24 20 19 
   1   6   5 28 24 23 22 20 
   2  10   5 28 24 23 22 20 
   3  10   6 31 28 27 24 23 21 
   6   6   5 31 28 27 22 21 
   9   8   3 31 30 27 
   1   8   3 30 26 25 
   8  10   2 30 26 
   6  10   2 30 25 
   3   8   2 30 29 
   6   9   1 29 
   8   5   1 29 
   4  10   1 29 
   7   4   1 30 
   1  10   1 32
   6   7   1 32
   6   8   1 32
   0   0   0 
