
  32    1
  10

   0   0   8 2 3 4 5 7 11 13 17 
   7   1   8 30 29 28 15 14 12 10 9 
   9   2   7 29 28 19 15 14 12 6 
   5   2   7 30 27 26 20 18 14 8 
   6   3   7 31 28 26 25 23 19 16 
  10   2   6 27 26 24 22 21 18 
   5   1   4 27 22 18 16 
   7   3   6 29 28 25 24 22 21 
   9   4   5 26 25 22 21 18 
   3   1   5 27 25 24 22 21 
   2   1   5 29 28 27 25 21 
   4   3   3 25 22 21 
   8   2   3 24 23 21 
   9   1   2 22 21 
   1   1   2 26 23 
  10   2   2 24 21 
   2   2   2 23 21 
   9   2   1 23 
   4   4   1 22 
   9   1   1 23 
  10   2   1 32
   8   1   1 32
   6   2   1 32
  10   2   1 32
   3   2   1 32
   7   2   1 32
   5   1   1 32
   8   2   1 32
   9   3   1 32
   9   1   1 32
   3   4   1 32
   0   0   0 
