
  32    1
  10

   0   0   3 2 4 6 
   8   1   2 5 3 
   9   1   3 10 9 7 
   3   3   4 16 11 10 9 
   7   3   5 16 15 14 12 11 
   2   1   3 12 11 8 
   8   1   2 14 8 
   7   1   4 22 16 15 13 
   9   2   3 18 15 14 
   6   2   2 15 12 
   8   2   2 22 13 
   4   1   3 22 18 17 
  10   2   2 18 17 
   3   2   2 22 17 
   3   1   1 17 
   5   3   1 17 
  10   5   5 28 26 24 21 19 
   5   2   6 28 27 26 25 24 23 
   3   3   2 25 20 
   7   3   2 27 23 
   4   3   2 30 25 
   5   1   2 30 25 
   2   1   3 31 30 29 
  10   2   3 31 30 29 
  10   2   2 31 29 
   3   1   2 30 29 
   5   4   1 29 
   8   1   1 29 
   4   1   1 32
   6   3   1 32
   8   2   1 32
   0   0   0 
