
  32    1
  10

   0   0   9 2 3 4 5 6 8 11 12 31 
   4   1   8 28 20 19 18 13 10 9 7 
  10   9   7 30 27 25 18 17 14 13 
   9   3   4 28 17 14 7 
   9   5   8 30 29 28 26 23 18 17 16 
   7   5   5 28 16 15 14 9 
  10   9   7 27 24 23 22 21 16 15 
   8   3   6 27 25 24 23 22 19 
   6   5   6 26 25 24 23 22 21 
   8   4   4 26 25 23 21 
   2   9   3 29 27 24 
   6   8   3 29 27 22 
   2  10   2 22 15 
   7   6   2 23 21 
   8   9   1 26 
   6  10   1 25 
   7   4   1 24 
   8   9   1 22 
   7  10   1 21 
   8   9   1 21 
   3   4   1 32
   2   2   1 32
  10   4   1 32
   6   6   1 32
   2   5   1 32
   9   3   1 32
   8   5   1 32
   1   5   1 32
   2   6   1 32
   8   5   1 32
   2   7   1 32
   0   0   0 
