
  32    1
  10

   0   0   9 2 3 4 5 6 8 9 10 15 
  10   1   5 19 18 14 13 7 
   4   1   6 19 18 16 13 12 11 
   7   4   4 19 14 13 7 
   1   4   5 25 24 19 18 11 
   3   3   4 24 18 12 11 
   2   7   4 31 24 12 11 
   9   6   3 17 16 12 
   6   7   5 24 22 21 17 12 
   3   4   4 25 21 19 13 
   2   5   4 22 21 20 17 
   4   4   5 30 29 28 25 20 
   4   4   5 31 28 24 23 22 
   2   2   4 30 24 21 20 
  10   3   4 31 23 22 21 
   3   1   3 31 22 21 
   9   3   4 30 28 27 23 
   8   4   4 31 30 29 26 
   9   7   3 30 27 23 
   4   6   2 27 23 
   1   3   2 28 26 
   8   4   2 29 27 
   4   6   1 26 
   3   6   1 27 
   3   5   1 26 
   8   1   1 32
   2   1   1 32
  10   4   1 32
   9   3   1 32
  10   4   1 32
   7   7   1 32
   0   0   0 
