
  32    1
  10

   0   0   7 2 3 6 7 8 10 11 
   7   1   5 22 16 15 14 5 
   8   5   2 9 4 
   6   5   6 23 22 21 17 14 13 
   2   3   6 23 21 18 17 13 12 
   4   4   3 22 21 9 
   4   4   5 22 21 16 15 12 
  10   6   4 23 21 19 14 
   7   8   3 18 17 12 
   6   6   5 31 30 27 21 17 
   4   7   4 30 27 22 17 
   8   2   4 30 28 27 19 
   7   6   4 30 28 27 19 
   3   4   3 29 26 18 
   6   1   7 30 29 28 27 26 25 24 
   6   2   5 31 28 27 26 20 
   4   3   2 28 19 
   4   2   5 31 30 27 25 24 
   7   5   3 29 26 20 
   4   4   2 25 24 
   4   3   1 28 
   6   3   1 24 
   6   4   1 24 
   2   5   1 32
   5   4   1 32
   9   6   1 32
   3   4   1 32
   9   3   1 32
   1   2   1 32
   8   4   1 32
   9   4   1 32
   0   0   0 
