
  32    1
  10

   0   0   4 2 3 4 6 
   3   1   3 10 8 5 
   7   4   2 21 7 
   1   6   1 7 
   4   6   5 21 14 12 11 9 
   8   2   5 21 14 12 11 9 
   1   5   4 12 11 10 9 
  10   4   1 9 
   2   5   4 17 16 15 13 
   3   4   2 14 13 
   7   3   1 13 
  10   2   1 13 
   2   8   5 23 22 20 19 18 
   2   6   2 20 15 
   8   5   3 23 22 18 
  10   4   3 23 22 19 
   3   6   3 26 25 23 
   9   3   4 31 26 25 24 
   2   2   4 31 26 25 24 
   6   4   3 26 25 24 
   4   3   3 31 25 24 
   9   1   4 31 30 27 26 
   6   3   2 31 24 
   4   4   3 30 29 27 
   6   7   2 29 27 
  10   3   2 29 28 
   1   4   1 28 
   4   5   1 32
   1   4   1 32
   4   3   1 32
   7   3   1 32
   0   0   0 
