
  32    1
  10

   0   0   4 2 3 4 8 
   6   3   5 15 12 10 6 5 
   2   5   4 10 7 6 5 
   9   3   2 12 5 
   8   5   2 11 9 
   7   5   2 11 9 
  10  10   2 11 9 
   3   6   2 14 11 
   3   8   5 20 19 16 14 13 
   1   6   1 11 
   9   5   4 20 19 16 13 
   6   5   2 17 16 
   4   7   2 21 17 
   2   6   2 21 17 
   1  10   2 21 17 
   7   5   3 25 22 21 
   6   5   2 24 18 
   2   4   3 27 25 22 
   9   1   3 27 25 24 
   4   8   3 28 27 22 
  10  10   3 27 26 24 
  10   4   1 23 
   6   6   3 31 30 26 
   4   3   2 31 28 
   3   5   1 26 
   1   5   1 29 
   7   8   1 29 
   1   9   1 30 
   4   9   1 32
   7   6   1 32
   5   8   1 32
   0   0   0 
