
  32    1
  10

   0   0   4 2 3 5 7 
   2   1   1 4 
   9   7   3 13 10 8 
  10   3   1 6 
   4   5   1 6 
   9   4   3 13 10 9 
   4   7   2 15 9 
   7   7   1 9 
  10   8   4 17 14 12 11 
   8   8   5 22 21 15 14 12 
   6   4   4 22 21 19 16 
   3   7   2 23 18 
   3   4   2 21 18 
   7   8   1 18 
   5   7   1 18 
   5   6   4 26 25 23 20 
   2   8   3 23 22 21 
   1   5   2 20 19 
   1   8   4 28 26 25 24 
  10  10   3 28 27 24 
   5   5   3 31 28 26 
   4   5   3 31 28 26 
   3   3   2 27 24 
   9   6   3 31 30 29 
  10   6   3 31 30 29 
   1   4   2 30 29 
   7  10   2 30 29 
   8   6   1 29 
   6  10   1 32
   5   4   1 32
   6   4   1 32
   0   0   0 
