
  32    1
  10

   0   0   6 2 3 6 9 10 19 
   1   3   3 13 5 4 
   9   4   6 21 15 14 12 8 7 
   6   9   6 31 21 18 15 12 11 
   7  10   4 18 16 12 11 
   7   7   3 18 13 11 
   4  10   9 31 30 29 28 22 20 18 17 16 
   8  10   4 30 17 16 13 
  10   8   8 31 30 29 28 22 20 18 16 
   3  10   4 30 16 14 12 
   3   9   4 30 28 17 14 
   6  10   6 29 28 27 23 22 20 
   8   7   6 31 29 28 27 22 20 
   8  10   6 29 27 26 25 23 22 
  10   6   2 28 16 
   1   5   4 27 26 25 23 
   7  10   4 27 26 25 23 
   3   7   4 27 26 25 24 
  10   9   3 28 25 22 
   4  10   3 26 25 24 
  10   8   2 25 22 
   9  10   1 24 
  10  10   1 24 
   4  10   1 32
   3   8   1 32
  10   7   1 32
  10   6   1 32
   6   6   1 32
   3   9   1 32
   6   5   1 32
   6   7   1 32
   0   0   0 
