
  32    1
  10

   0   0   6 2 3 4 5 7 8 
   4   3   6 17 15 12 11 10 9 
   1   2   3 15 12 6 
   7   9   8 31 30 19 17 15 13 12 11 
   8   5   3 12 11 10 
   7   7   7 31 30 22 19 17 13 11 
  10   7   6 31 30 18 17 15 13 
   8   7   5 31 30 14 13 12 
  10  10   5 30 18 16 14 13 
   9   7   8 31 30 29 28 22 21 19 16 
   7   5   5 28 27 21 20 16 
   8  10   4 27 26 25 18 
   7   5   5 28 27 26 25 20 
   9   4   4 28 26 22 20 
   6  10   5 28 26 25 23 22 
   3  10   4 26 25 24 23 
   2   5   4 26 25 24 23 
   5   8   2 29 21 
   4   6   2 25 20 
   5   6   2 24 23 
   8   7   2 24 23 
   3   4   1 27 
   4   2   1 32
   8   5   1 32
   2   1   1 32
   7   6   1 32
   1   5   1 32
  10   4   1 32
   5   6   1 32
   1   5   1 32
   9   9   1 32
   0   0   0 
