
  32    1
  10

   0   0   4 2 3 4 5 
   5   5   5 17 12 10 9 8 
   9   9   4 14 11 9 6 
   8   5   3 16 14 7 
   3  10   3 17 9 8 
   5  10   4 17 16 15 12 
   5   9   3 17 15 11 
   4   9   3 16 14 13 
  10   8   2 16 13 
   2  10   2 16 15 
   4   9   1 13 
   5   5   1 13 
   4   8   3 20 19 18 
  10   9   3 20 19 18 
   8   7   3 22 20 19 
   5  10   2 20 18 
  10  10   2 20 18 
   8   8   4 24 23 22 21 
   1  10   3 24 23 21 
   8   5   3 26 24 21 
   8  10   4 30 28 27 25 
   6   9   4 30 28 27 25 
   6  10   2 28 26 
   5   6   2 30 27 
  10   6   2 31 29 
   6   8   2 31 30 
   3   5   1 29 
   5  10   1 29 
   5   7   1 32
  10  10   1 32
   4   3   1 32
   0   0   0 
