
  32    1
  10

   0   0   8 2 3 4 6 7 8 17 18 
  10   1   2 9 5 
   3   5   4 13 11 10 9 
   4   5   1 5 
   3   4   7 25 24 16 14 13 12 11 
  10   3   6 25 24 15 14 12 11 
  10   6   3 12 11 10 
  10   5   4 24 16 14 12 
   3   5   4 25 22 16 14 
   3   2   5 24 22 21 20 19 
  10   6   6 31 30 28 22 20 19 
   8   2   5 30 22 21 20 19 
   8   6   4 30 29 21 20 
   1   8   3 21 20 19 
   3   5   4 29 28 22 20 
   3   6   3 30 23 21 
   5   3   4 29 28 26 24 
   1   4   3 28 26 23 
   3   2   3 29 27 26 
   5   4   2 26 23 
   8   4   2 28 26 
   1   7   2 27 26 
   7   1   1 27 
   5   2   1 30 
   8   2   1 27 
   9   2   1 32
   6   5   1 32
   3   4   1 32
   9   4   1 32
   8   3   1 32
  10   4   1 32
   0   0   0 
