
  32    1
  10

   0   0   4 2 3 4 7 
   6   1   3 9 8 5 
   1   2   4 13 12 11 8 
   1   1   2 10 6 
   3   2   3 15 12 10 
   7   3   2 12 8 
   8   5   2 14 9 
   5   1   4 20 19 15 14 
   7   1   4 20 19 17 15 
   6   1   3 20 19 14 
   4   3   3 20 15 14 
   7   3   5 20 19 18 17 16 
   2   1   5 20 19 18 17 16 
   8   1   3 18 17 16 
  10   2   2 18 16 
   1   1   3 25 23 22 
   3   4   3 25 23 22 
   2   2   2 25 21 
   4   2   2 25 21 
   7   3   3 31 23 22 
   8   2   4 31 27 24 23 
   5   2   3 27 26 24 
   6   4   2 28 26 
   4   3   2 30 28 
   5   1   2 31 28 
   6   3   1 29 
   7   1   1 28 
   6   1   1 32
   5   2   1 32
  10   1   1 32
   9   1   1 32
   0   0   0 
