
  32    1
  10

   0   0   4 2 3 5 7 
   6   2   2 9 4 
   3   4   2 9 6 
   3   7   2 12 6 
   1   6   1 6 
   3   5   2 17 8 
  10   7   4 15 14 13 12 
   2   5   3 14 11 10 
   1   9   2 12 10 
   6  10   2 15 13 
   6  10   2 15 13 
   5   8   4 23 19 18 17 
   7   7   3 23 18 16 
   8   9   3 23 18 16 
   4   3   4 31 27 22 19 
   1   5   3 27 21 20 
   5   8   3 27 24 20 
   1   2   3 31 26 24 
   1   3   3 26 25 24 
   8  10   2 31 22 
   4   5   2 26 25 
   8   6   2 29 26 
   9   7   2 29 26 
  10   4   3 30 29 28 
  10   6   3 30 29 28 
   6   3   2 30 28 
  10   8   2 29 28 
   1   5   1 32
   1   5   1 32
   3   5   1 32
   2   6   1 32
   0   0   0 
