
  32    1
  10

   0   0  12 2 3 4 6 7 8 9 10 12 17 18 21 
   2   1   7 31 28 19 16 15 14 5 
   5   5   8 29 28 27 26 25 23 20 19 
   4  10   6 29 28 27 19 14 13 
   2   2   5 30 27 20 13 11 
   7   5   5 30 28 27 13 11 
   3  10   6 31 29 27 26 25 11 
   7   4   6 30 28 27 26 25 11 
   1   6   5 29 28 23 20 19 
  10   7   3 27 23 19 
   2  10   3 24 23 22 
   9   5   3 31 28 23 
   5   6   2 26 25 
   1   4   2 23 22 
   5  10   2 29 24 
   2   8   2 26 24 
   6   7   2 30 23 
   9   4   2 25 22 
   3   7   1 22 
   7   5   1 24 
   2   6   1 22 
   2   3   1 32
   2   7   1 32
   4   6   1 32
   8   9   1 32
   3   6   1 32
   7   7   1 32
   5   4   1 32
   8   6   1 32
   2   8   1 32
   8   2   1 32
   0   0   0 
