
  32    1
  10

   0   0   6 2 3 4 6 7 12 
   9   2   4 13 9 8 5 
   2   8   7 20 16 15 14 13 10 9 
   1   5   5 16 15 11 10 9 
   1   8   4 16 15 14 10 
   4   8   4 20 18 17 9 
   1   5   4 25 16 15 10 
   9   4   4 21 19 16 15 
   4  10   5 25 23 22 21 19 
   7  10   5 31 23 21 19 17 
   8   7   5 25 23 20 19 17 
   3   9   4 25 23 21 17 
   6  10   4 27 23 22 19 
   3  10   4 27 25 24 19 
   5  10   2 23 17 
  10  10   5 31 30 28 27 24 
   4   7   4 29 28 27 24 
   6  10   4 29 28 27 24 
   3  10   3 29 28 26 
   2   7   3 30 27 26 
   2  10   2 30 27 
   6   7   2 31 28 
   2   6   1 24 
   7  10   1 26 
   8   8   1 26 
   4   9   1 32
   3   8   1 32
   9  10   1 32
   2   8   1 32
   4  10   1 32
   5   4   1 32
   0   0   0 
