
  32    1
  10

   0   0   6 2 3 4 5 8 11 
   4   1   6 19 16 13 12 9 6 
   7   1   3 10 9 7 
   5   2   3 14 10 9 
  10   1   6 23 19 16 15 14 13 
   4   1   6 23 22 18 17 15 14 
   8   2   5 23 22 15 14 13 
   5   1   6 31 30 23 18 17 14 
   4   4   5 28 22 18 17 15 
   8   1   4 22 21 18 13 
   8   2   7 30 28 27 23 22 21 18 
   2   3   6 28 27 25 22 21 18 
   1   4   7 31 30 29 28 25 20 17 
   5   2   6 29 28 27 25 21 20 
   9   1   5 30 27 25 24 21 
   3   1   5 30 28 27 25 20 
   1   4   3 27 26 24 
   3   2   2 29 20 
   1   2   2 26 25 
   7   1   1 24 
  10   1   1 26 
   4   3   1 31 
   9   2   1 25 
   4   2   1 32
   6   2   1 32
   8   3   1 32
   1   1   1 32
   2   1   1 32
   9   1   1 32
   1   4   1 32
   5   4   1 32
   0   0   0 
