
  32    1
  10

   0   0   7 2 3 4 6 7 8 12 
   8   1   3 14 13 5 
   5   5   5 19 17 13 11 10 
   9   2   3 19 10 9 
   1   2   3 23 19 10 
   5   2   7 30 23 21 20 19 16 15 
   5   3   2 19 9 
   8   3   7 30 23 22 19 18 17 13 
   8   1   7 31 30 23 22 20 18 13 
   1   1   6 30 28 21 20 16 15 
   6   2   6 30 28 23 21 20 15 
   6   4   5 30 23 18 17 13 
   9   1   6 28 27 26 25 24 21 
   8   1   3 30 28 17 
   1   1   5 31 27 26 25 22 
   2   1   2 24 18 
   3   1   3 26 25 20 
   3   4   3 27 26 25 
   6   1   3 28 27 24 
   8   3   1 24 
   6   3   1 29 
   5   2   1 24 
   2   2   1 24 
  10   1   1 32
   2   3   1 32
   4   1   1 32
   4   2   1 32
  10   1   1 32
   4   2   1 32
   5   3   1 32
   1   1   1 32
   0   0   0 
