
  32    1
  10

   0   0   6 2 3 4 6 9 10 
   1   9   5 17 14 13 11 7 
   7   9   4 17 16 8 5 
   9   2   7 31 21 20 16 14 13 12 
   9  10   6 31 22 20 18 15 14 
   5   9   5 31 20 16 13 12 
   7   9   4 31 19 15 12 
   8   6   4 31 22 20 13 
   1  10   2 31 12 
   4  10   4 31 28 22 15 
   6   5   3 23 20 18 
  10   6   5 29 28 25 24 22 
   5   7   3 28 24 15 
  10  10   4 29 28 25 24 
   9   6   4 30 29 25 23 
   9  10   4 30 28 25 23 
  10   6   3 29 25 24 
  10   9   2 29 21 
   8   8   2 29 21 
   2   8   4 30 29 28 26 
   5   8   3 28 26 25 
   1   7   1 23 
   2   5   2 27 26 
   9  10   2 30 26 
   3   8   1 27 
   1  10   1 32
   4   7   1 32
   5   7   1 32
   4  10   1 32
   4   9   1 32
   9  10   1 32
   0   0   0 
