
  32    1
  10

   0   0   6 2 3 4 5 6 9 
   2   2   7 18 17 15 13 12 11 7 
   2   4   6 23 17 14 11 10 8 
   5   6   6 23 17 16 13 12 7 
   3   8   5 23 17 16 14 7 
   7  10   6 22 21 17 16 14 12 
   6   8   9 31 30 27 26 25 22 21 20 19 
   1   7   5 27 25 21 19 16 
   1   3   5 27 26 23 21 17 
   5   3   2 18 16 
   7   9   7 30 26 25 22 21 20 19 
   4   3   6 31 30 26 25 20 19 
   3   8   6 31 26 25 21 20 19 
   9   5   5 30 26 25 20 19 
  10   4   5 26 25 23 21 20 
  10   3   5 31 30 29 26 20 
   1  10   4 30 25 20 19 
   6   7   4 30 25 22 20 
   4   7   2 29 24 
  10   6   1 24 
   5   5   1 24 
   8   9   1 24 
   4   9   1 24 
  10   4   1 28 
   4   3   1 29 
   1   6   1 28 
   2   3   1 29 
   6  10   1 32
   3   6   1 32
   8   7   1 32
   5   5   1 32
   0   0   0 
