
  32    1
  10

   0   0   4 2 3 4 17 
   7   1   3 14 6 5 
   6   2   3 12 7 6 
   6   3   8 25 18 16 14 13 11 10 8 
   7   4   7 25 18 16 13 11 10 8 
   3   6   4 25 20 16 9 
   4   5   5 18 16 14 13 11 
   7   2   7 31 24 23 21 20 19 15 
   6   4   7 31 24 23 21 19 18 15 
   5   5   5 31 23 22 21 19 
  10   8   6 30 29 28 27 24 23 
  10   7   5 31 30 24 23 22 
   9   2   4 31 29 22 21 
   6   5   2 21 20 
   4   3   5 30 29 28 26 22 
   3   8   3 28 23 22 
   9   3   2 28 19 
   4   2   4 29 28 27 26 
   6   4   3 29 27 26 
   3   3   2 26 22 
   3   3   2 30 28 
   2   7   1 27 
   2   3   1 26 
   1   2   1 26 
   1   4   1 26 
   4   3   1 32
   1   3   1 32
  10   5   1 32
   3   4   1 32
  10   6   1 32
   9   3   1 32
   0   0   0 
