
  32    1
  10

   0   0   6 2 3 4 5 9 12 
   8   1   6 18 16 14 11 10 8 
   9   7   3 17 13 6 
   5   3   5 31 16 13 11 10 
   4   6   3 31 20 7 
   9   4   5 31 18 16 14 10 
   3   4   4 23 17 14 10 
   6   3   4 31 22 17 13 
   4   4   6 30 29 23 22 19 14 
   9   5   5 30 29 22 19 15 
  10   4   4 30 23 20 15 
   8   1   4 29 23 22 14 
   8   4   2 23 15 
  10   3   1 15 
   9   5   5 28 27 26 24 21 
   2   3   5 28 26 25 23 22 
   2   5   3 29 26 19 
   7   2   5 29 27 26 25 24 
   9   5   3 27 25 24 
   2   3   2 26 22 
   1   2   1 25 
  10   8   1 24 
  10   4   1 24 
   5   6   1 32
   9   5   1 32
   9   3   1 32
   4   7   1 32
   6   5   1 32
  10   3   1 32
   6   1   1 32
   5   4   1 32
   0   0   0 
