
  32    1
  10

   0   0   4 2 5 6 7 
   7   1   1 3 
   9   5   3 11 8 4 
   2   2   3 13 10 9 
   3   1   3 13 11 9 
   8   5   3 13 10 9 
   7   5   4 16 14 13 12 
   2   3   4 16 15 14 12 
   9   4   3 16 14 12 
   1   3   3 16 14 12 
   3   4   3 15 14 12 
  10   8   3 24 18 17 
   2   8   2 18 15 
   3   6   4 24 22 21 19 
   2   2   3 24 22 19 
   2   3   3 31 22 20 
   4   4   2 21 19 
   2   4   3 23 22 21 
   6   4   4 31 29 25 23 
   9   3   3 29 25 23 
   1   6   4 31 30 29 26 
   2   4   2 29 26 
   1   2   2 30 27 
   1   6   2 29 27 
   5   5   1 26 
  10   7   1 27 
   1   4   1 28 
   6   1   1 32
   2   1   1 32
   4   4   1 32
   7   5   1 32
   0   0   0 
