
  32    1
  10

   0   0   8 2 3 4 5 6 8 15 16 
   4   1   4 14 13 12 7 
   8   1   7 24 20 17 14 13 11 9 
   7   4   6 24 20 14 13 11 10 
   1   4   6 24 23 21 20 18 10 
   7   3   5 21 18 14 13 10 
  10   1   4 24 23 20 10 
   5   2   4 31 20 19 13 
   8   1   5 31 27 25 23 22 
   5   1   3 31 22 17 
   4   2   3 31 22 18 
   5   2   3 22 18 17 
   6   2   4 27 25 23 22 
   9   1   3 23 22 19 
   9   2   3 27 22 19 
   1   3   2 22 17 
   3   2   1 19 
   5   2   1 19 
   1   4   4 30 29 26 25 
   6   2   3 29 27 25 
   1   1   3 29 26 25 
   8   1   2 29 26 
   9   2   2 29 28 
   7   4   2 30 28 
   2   1   1 28 
   2   2   1 28 
   7   1   1 30 
   4   2   1 32
   6   3   1 32
   4   1   1 32
   9   2   1 32
   0   0   0 
