
  32    1
  10

   0   0   3 2 3 5 
   2   1   4 13 9 6 4 
   4   7   4 13 9 6 4 
  10   3   2 8 7 
   5   2   2 13 6 
   5   6   3 15 12 10 
   2   5   3 15 12 10 
   3   2   2 12 10 
   3   6   6 22 19 18 16 15 11 
   9   2   5 22 19 18 16 11 
   8   2   2 17 14 
   7   8   2 17 14 
   6   8   3 21 20 17 
   1   5   4 29 23 21 20 
   4   3   3 23 21 20 
   3   4   3 29 23 20 
   4   4   4 29 28 25 23 
   5   7   4 29 26 25 24 
   3   1   4 29 28 25 23 
   8   2   3 28 25 24 
   7   4   2 26 24 
   9   4   2 25 24 
   6   4   1 24 
   9   3   1 27 
  10   5   1 27 
   5   2   1 28 
   8   4   2 31 30 
   9   5   2 31 30 
  10   2   1 30 
   6   4   1 32
   2   5   1 32
   0   0   0 
