
  32    1
  10

   0   0   7 2 3 4 6 7 10 11 
   2   6   6 29 24 19 14 8 5 
   5   8  10 31 29 28 21 19 18 14 13 12 8 
   8   8   9 30 28 26 25 24 18 17 13 12 
  10   9   7 30 28 25 18 17 13 12 
   8   8   6 27 25 17 16 15 9 
   5   5   5 29 25 24 17 8 
   1   4   4 27 26 22 20 
  10   5   4 24 23 21 20 
   6   5   4 25 22 21 20 
   8   5   3 23 21 18 
   4  10   2 23 20 
   7  10   2 22 20 
   6   9   2 27 20 
   3   8   2 24 22 
   5   7   2 21 20 
   2   9   1 21 
   1  10   1 20 
   1   8   1 26 
   6  10   1 32
   3   7   1 32
   6  10   1 32
   5   8   1 32
   8   9   1 32
   1   5   1 32
   1  10   1 32
   5  10   1 32
   5  10   1 32
   2  10   1 32
   9  10   1 32
   9   7   1 32
   0   0   0 
