
  32    1
  10

   0   0   9 2 3 4 5 7 8 11 15 16 
   7   5   6 31 29 13 12 10 6 
   3  10   8 30 29 28 27 26 24 14 10 
   9   8   7 30 29 28 23 19 17 9 
   5   8   6 30 28 27 23 10 9 
   4   5   6 28 24 23 21 18 17 
   4  10   4 27 24 23 10 
   1   9   7 30 29 25 24 22 21 20 
   8   6   6 26 25 24 22 21 20 
   5   5   4 25 22 21 20 
   8   8   4 26 24 22 20 
   1   7   3 27 26 21 
   8  10   3 23 21 20 
   6   5   3 23 21 20 
   8  10   2 23 21 
   8   6   2 23 20 
   6   9   1 20 
   8   9   1 22 
   4   2   1 20 
   5  10   1 32
   5  10   1 32
  10   8   1 32
   1   6   1 32
   6  10   1 32
   5  10   1 32
  10   7   1 32
   4   9   1 32
   7  10   1 32
   9  10   1 32
   4   8   1 32
   7  10   1 32
   0   0   0 
