
  32    1
  10

   0   0   6 2 3 5 6 8 9 
   1   1   5 16 12 11 10 4 
  10   4   5 19 17 14 13 10 
   4   8   4 31 19 14 7 
   6   7   4 31 19 14 7 
   4   7   5 20 17 13 11 10 
  10   4   5 24 20 17 15 13 
   8   2   4 23 17 14 12 
   6   2   5 31 24 20 18 15 
   1   8   5 31 30 29 18 15 
  10   6   5 30 29 24 18 15 
   7   8   5 31 30 20 19 18 
   4  10   4 30 27 22 18 
   2   8   4 30 26 24 20 
   3   7   3 28 23 21 
   6  10   3 31 25 20 
   8   4   1 18 
   9   3   3 28 26 25 
   5   5   3 27 26 25 
  10   7   2 29 27 
   6   7   2 27 25 
   4  10   2 29 25 
   4   4   1 26 
  10   5   1 28 
   7   5   1 32
   7   2   1 32
   8   5   1 32
   1   4   1 32
   7  10   1 32
   5  10   1 32
   1   7   1 32
   0   0   0 
