
  32    1
  10

   0   0   6 2 3 4 7 8 13 
   1   1   5 19 17 14 10 5 
   6   4   6 18 17 16 15 14 12 
   3   6   6 16 15 14 12 11 10 
   2   5   3 16 9 6 
  10   4   5 31 20 18 15 12 
   6   3   5 28 27 22 18 14 
   6   4   5 28 27 23 22 16 
   2   4   4 28 27 21 18 
   6   3   5 28 27 22 21 20 
   4   5   4 23 22 21 20 
   1   4   6 30 28 27 26 25 22 
   2   4   5 28 27 26 25 20 
   5   3   3 26 21 20 
   6   3   6 30 28 27 26 25 24 
   6  10   2 21 20 
   9   2   4 27 26 25 24 
   1   1   3 30 24 23 
   6   4   2 25 20 
   8   1   2 30 24 
   9   3   2 31 25 
   3   5   1 24 
   2   6   1 26 
   2   3   1 29 
   5   4   1 29 
  10   5   1 29 
   7   4   1 29 
   4   3   1 29 
   3   2   1 32
   2  10   1 32
   7   4   1 32
   0   0   0 
