
  32    1
  10

   0   0  12 2 3 4 5 6 7 8 9 10 12 16 31 
   6   4   7 28 27 26 24 23 14 13 
   2   9   6 27 25 22 17 15 11 
   5   8   5 27 22 18 14 11 
   8   7   5 29 26 25 18 14 
   5   8   7 29 27 23 22 21 20 17 
   2   7   6 28 26 23 22 21 15 
   1  10   7 30 28 23 22 21 20 19 
   8   7   6 25 22 21 20 19 17 
  10   9   5 28 27 25 21 15 
  10  10   6 26 24 23 21 20 19 
   8   7   3 23 22 15 
   8  10   4 25 22 20 19 
   5   7   2 21 15 
   5  10   2 20 19 
  10  10   2 22 21 
   5  10   1 24 
   2   2   1 19 
  10   6   1 32
   9   5   1 32
   2  10   1 32
   4   9   1 32
   5   6   1 32
   8   4   1 32
  10   7   1 32
   5  10   1 32
   2   9   1 32
   9  10   1 32
  10  10   1 32
   1  10   1 32
   7   9   1 32
   0   0   0 
