
  32    1
  10

   0   0   5 2 3 4 5 8 
   1   1   3 11 10 7 
   4   2   2 7 6 
   8   3   4 14 12 10 9 
   2   1   2 14 7 
   2   3   3 14 12 10 
   8   1   2 12 9 
  10   2   2 14 9 
   2   2   3 19 16 13 
   9   3   3 19 16 13 
   4   3   2 15 14 
   1   4   4 22 19 18 17 
   6   2   2 18 15 
   8   1   2 18 17 
   2   2   2 22 17 
   9   2   5 29 25 22 21 20 
   7   3   4 29 26 25 20 
   7   2   4 29 26 21 20 
   8   1   3 29 25 21 
  10   1   3 31 24 23 
   4   2   3 31 27 24 
   3   2   2 27 24 
   2   1   2 28 27 
   6   1   1 28 
   8   3   1 27 
   2   3   1 27 
   6   2   1 30 
   5   1   1 30 
   7   1   1 30 
   2   3   1 32
   5   2   1 32
   0   0   0 
