
  32    1
  10

   0   0  10 2 3 4 5 6 8 9 10 14 15 
   9   1   4 17 16 13 7 
  10   4   3 16 13 7 
   7   1   2 13 7 
   3   3   5 27 24 21 13 12 
   5   2   1 7 
   5   1   5 24 21 20 18 11 
   8   2   6 27 26 21 19 18 16 
   3   3   4 27 24 21 13 
   6   2   6 30 27 26 24 22 17 
   3   2   6 31 27 26 23 22 19 
   1   2   5 30 26 23 22 17 
   9   2   3 22 20 18 
   3   5   2 21 19 
   8   1   5 30 29 26 23 22 
   1   2   3 30 29 23 
  10   1   1 18 
   5   2   3 31 29 25 
  10   2   3 30 29 25 
   6   3   3 30 29 26 
   3   1   2 31 22 
   6   3   1 25 
   5   3   1 25 
   7   1   1 25 
   5   2   1 28 
   1   1   1 28 
   9   3   1 28 
   2   1   1 32
   7   1   1 32
   8   2   1 32
   9   1   1 32
   0   0   0 
