
  32    1
  10

   0   0   9 2 3 4 5 6 7 9 11 15 
   9   7   7 23 19 17 14 13 12 10 
   5  10   8 23 19 18 17 16 14 13 12 
   9  10   5 23 17 13 12 8 
   2   8   7 31 23 19 18 17 16 12 
   8   3   7 31 23 20 19 18 16 12 
   3   9   6 31 23 20 19 18 12 
   3   3   5 31 30 19 18 16 
   5   9   5 24 23 19 18 17 
   1  10   3 31 18 16 
   7   8   5 31 29 28 24 19 
   7   7   4 30 24 22 21 
   8   8   5 31 29 28 24 21 
   9  10   4 30 29 28 20 
   4   4   3 30 28 20 
  10  10   3 29 24 21 
   6  10   5 29 28 27 26 25 
   5   7   2 26 22 
   4   6   1 21 
   4   6   1 21 
   7  10   3 27 26 25 
   2  10   3 29 28 25 
   8   6   3 30 28 25 
  10   9   2 26 25 
  10   6   1 32
   4  10   1 32
   6   9   1 32
   7  10   1 32
   9   7   1 32
   5   9   1 32
   4   9   1 32
   0   0   0 
