
  32    1
  10

   0   0   2 2 4 
   5   1   2 6 3 
   1   6   3 12 11 5 
  10   8   2 8 7 
   7  10   2 9 7 
   5   8   4 18 13 10 9 
   1   9   3 18 13 10 
   8  10   2 14 9 
   5   9   3 17 16 15 
   8   8   2 17 14 
   8   9   3 19 18 15 
   7   9   3 20 19 15 
   4   9   4 28 24 20 19 
  10  10   1 15 
   6   8   5 28 25 24 22 21 
   5   4   3 28 21 20 
  10   5   2 20 19 
   4   9   2 28 20 
  10   8   3 25 22 21 
   3  10   3 27 25 22 
  10   9   3 31 27 26 
   1  10   1 23 
   1   8   2 31 29 
   3   7   2 31 29 
   3   8   1 26 
   6  10   1 29 
   6   9   1 29 
   1   5   1 29 
   2   7   1 30 
   4   9   1 32
   8   8   1 32
   0   0   0 
