
  32    1
  10

   0   0   7 2 3 4 5 8 9 10 
   8   4   4 17 15 7 6 
   5  10   6 19 18 17 15 12 7 
   1   6   7 20 19 18 17 16 14 13 
   2  10   6 26 20 19 18 12 11 
  10   8   5 26 24 19 18 12 
   1   5   5 26 25 20 16 14 
  10  10   7 26 25 24 23 21 20 19 
   6   5   5 26 25 21 18 13 
  10  10   4 24 21 19 17 
   7   7   5 31 25 24 23 21 
   4  10   2 25 16 
   4   8   6 31 29 28 24 23 22 
   4  10   4 29 24 23 21 
   4   9   5 29 28 24 23 22 
   8   8   4 31 29 23 21 
   5   5   4 30 26 25 23 
   7  10   4 30 29 28 22 
   1   8   3 29 28 27 
   1   9   3 29 28 27 
   9   5   2 28 22 
  10  10   1 27 
   2   7   1 27 
   1   9   1 30 
   5  10   1 27 
   9   9   1 31 
   1  10   1 32
   3   4   1 32
   3  10   1 32
   8   9   1 32
   9   5   1 32
   0   0   0 
