
  32    1
  10

   0   0   5 2 3 4 5 6 
   7   3   4 10 9 8 7 
   1   9   4 11 10 8 7 
   4   7   2 11 7 
   4   9   2 10 7 
   8   6   2 11 10 
   4  10   3 14 13 12 
   8  10   3 14 13 12 
   4   8   2 13 11 
   8   8   2 13 12 
   5  10   2 17 14 
   8   7   3 18 17 15 
   6   7   4 21 19 18 16 
   1  10   3 18 16 15 
   9  10   3 31 22 20 
   9  10   4 31 26 23 22 
   4   8   3 26 24 19 
  10   5   3 31 23 22 
  10   9   2 31 23 
   7   9   2 26 23 
   9   5   2 26 23 
   1  10   2 28 24 
   5   9   3 29 28 25 
   1  10   2 30 25 
   5  10   1 27 
   5   5   1 28 
   2   8   1 32
   8  10   1 32
   8   4   1 32
   9   6   1 32
  10   8   1 32
   0   0   0 
