
  32    1
  10

   0   0   7 2 3 4 7 8 9 13 
   5   2   5 15 12 11 6 5 
   7  10   5 24 22 15 14 10 
   2  10   2 23 5 
   1   8   5 25 24 22 17 10 
   8   6   6 25 23 22 19 18 17 
   7   7   6 24 22 19 18 17 16 
   2  10   5 22 19 18 17 14 
   8  10   6 25 22 21 20 18 16 
   3  10   5 21 20 19 18 16 
   7  10   4 23 22 21 18 
   7   6   4 24 21 19 18 
   6  10   2 26 17 
  10   7   2 23 21 
   4   6   1 17 
   2  10   5 31 30 29 28 26 
   5   7   3 30 29 21 
   4  10   3 30 29 26 
   7   5   3 31 28 26 
   3  10   3 29 28 26 
   6   8   3 31 28 27 
   5   7   2 28 26 
   3   8   2 30 26 
   2   3   2 29 26 
   7   9   2 29 27 
   2  10   1 27 
   1   9   1 32
   8   6   1 32
   4  10   1 32
   8   6   1 32
  10  10   1 32
   0   0   0 
