
  32    1
  10

   0   0   6 2 3 4 5 6 10 
   1   1   6 20 17 14 12 9 8 
   3   9   5 21 16 13 11 7 
   6   4   4 21 13 11 7 
   2   4   6 20 17 15 14 13 12 
   8   3   6 21 20 17 15 14 13 
   1   3   4 19 17 15 14 
   9   2   5 31 22 18 15 13 
   3   3   3 31 18 13 
   1   1   7 31 30 29 25 23 22 18 
   5   8   2 30 14 
   4   2   5 29 25 23 22 18 
   6   6   4 30 29 23 19 
   3   6   4 29 23 22 18 
   5   4   5 30 29 28 26 23 
   1   2   5 31 30 28 27 26 
   9   4   3 31 28 22 
   7   6   3 27 26 24 
   7   2   3 28 27 25 
   3   7   3 29 28 26 
  10   2   3 29 27 26 
   9   5   2 27 26 
   3   2   1 27 
  10   6   1 28 
   2   6   1 26 
   5   2   1 32
   4   3   1 32
   3   6   1 32
   7   1   1 32
  10   3   1 32
   7   7   1 32
   0   0   0 
