
  32    1
  10

   0   0   2 2 3 
   2   1   4 7 6 5 4 
   4   1   1 4 
   2   1   3 18 9 8 
   8   2   5 18 14 12 10 9 
  10   3   5 18 14 12 10 9 
   9   3   4 18 14 12 9 
   2   2   3 14 12 10 
   8   2   4 17 16 13 11 
   4   1   4 17 16 13 11 
  10   3   3 21 20 15 
   8   1   2 17 13 
   6   2   2 20 19 
   6   3   2 26 17 
   4   2   4 28 27 23 22 
   9   1   3 28 26 20 
   8   4   2 28 20 
   5   3   2 28 20 
  10   2   6 31 28 27 26 25 23 
   3   3   4 27 25 24 23 
   5   1   4 28 27 24 23 
   9   2   3 26 25 24 
   4   1   2 30 29 
   2   3   2 31 29 
   7   2   2 30 29 
   4   1   2 30 29 
   7   1   1 29 
   9   2   1 30 
   2   2   1 32
   5   2   1 32
   3   3   1 32
   0   0   0 
