
  32    1
  10

   0   0   5 2 3 5 7 8 
   1   5   7 15 14 12 11 10 6 4 
   5   7   4 24 15 12 10 
   9  10   5 30 20 19 16 13 
   3   6   4 21 19 15 10 
   5   3   2 31 9 
   2  10   6 31 30 21 20 17 15 
   7   9   6 30 24 20 19 18 17 
   4  10   5 30 24 19 18 16 
   4   7   5 30 29 20 18 17 
   4   7   5 30 29 20 18 17 
   7  10   4 30 21 19 17 
   4  10   3 21 18 17 
   2   9   5 29 28 23 22 21 
  10   5   2 29 18 
   9   8   2 29 17 
   5  10   5 28 27 26 23 22 
  10   8   5 28 27 26 23 22 
   9   8   3 29 23 22 
   5  10   2 26 22 
   1   6   2 27 26 
   5   9   1 25 
  10   8   1 25 
   3   8   1 29 
   2  10   1 32
   2   6   1 32
   9  10   1 32
   4   3   1 32
   9   8   1 32
   8  10   1 32
   5  10   1 32
   0   0   0 
