
  32    1
  10

   0   0   9 2 3 4 5 6 7 8 9 10 
   9   1   8 31 30 29 23 19 15 12 11 
   2   7   7 30 29 21 19 18 17 13 
   6   8   7 31 30 28 22 20 19 13 
   8   7   5 29 27 21 16 14 
  10   8   6 29 28 25 21 20 19 
   2   7   4 31 29 26 17 
   3   2   3 29 28 13 
   9   3   3 27 16 14 
   6   3   1 11 
   3   5   5 28 27 26 25 24 
   1   6   5 28 27 26 25 24 
   1   7   3 26 25 24 
   5   7   3 30 26 25 
   5   6   2 26 20 
   4   7   2 26 25 
   5   7   2 25 24 
   1  10   2 28 24 
  10   5   1 27 
   2   7   1 24 
   9   5   1 24 
  10   8   1 27 
   3   6   1 24 
   5   4   1 32
   8   2   1 32
   3   8   1 32
   9   6   1 32
   1   7   1 32
  10   7   1 32
   6   7   1 32
   3   7   1 32
   0   0   0 
