
  32    1
  10

   0   0   5 2 3 4 5 6 
   1   1   4 10 9 8 7 
   9   5   3 10 9 7 
   7   6   3 10 8 7 
   2   7   4 16 13 11 10 
   5   5   4 16 13 11 10 
   1   2   4 16 14 13 11 
   3   3   4 16 14 13 11 
   7   3   3 18 14 12 
   9   1   4 18 17 15 14 
   7   4   4 24 18 17 15 
   5   6   3 24 17 15 
  10   3   2 24 15 
   7   3   6 24 23 22 21 20 19 
   8   4   5 23 22 21 20 19 
   3   4   2 19 17 
   7   3   3 23 22 20 
  10   4   2 23 19 
  10   4   4 31 30 27 26 
   2   2   4 31 30 27 26 
   5   4   4 31 30 27 26 
   3   5   2 31 25 
   5   1   3 31 30 27 
   9   2   3 30 29 27 
   7   6   2 29 27 
   3   6   2 29 28 
  10   4   1 28 
   1   7   1 32
   4   4   1 32
   9   4   1 32
   9   7   1 32
   0   0   0 
