
  32    1
  10

   0   0   5 2 3 4 7 10 
   5   1   7 20 17 13 12 9 8 5 
   8   3   4 20 17 16 6 
   3   5   1 5 
   9   8   2 16 6 
   3   5   4 31 19 14 11 
   9   4   4 31 19 14 11 
   7   7   5 31 19 18 15 14 
   6   3   5 31 27 21 19 15 
   6   3   5 31 29 27 17 15 
   3   3   5 29 27 21 18 15 
   6   3   3 30 29 14 
   2   3   4 28 27 24 18 
   4   4   4 28 27 24 21 
   5   3   5 30 28 26 23 22 
   6   5   3 27 26 19 
   2   5   3 30 26 21 
   2   7   2 23 22 
   9   4   2 29 25 
   6   5   2 26 25 
   9   5   1 22 
   8   7   1 25 
   9   1   1 25 
   8   4   1 26 
   5   2   1 32
   6   5   1 32
  10   3   1 32
   8   2   1 32
   2   3   1 32
   6   4   1 32
   9   3   1 32
   0   0   0 
