
  32    1
  10

   0   0  10 2 3 4 5 6 8 9 10 14 15 
   6   3   8 31 30 28 26 19 18 17 7 
   2   3   8 30 29 20 18 17 16 13 12 
   7   5   6 30 28 24 18 16 11 
   6   6   5 29 18 17 12 11 
   2   4   4 30 24 16 11 
  10   4   5 29 27 24 23 16 
   7   7   5 29 27 24 21 17 
   4   6   5 28 25 24 22 17 
  10   5   4 27 26 23 19 
   8   5   4 27 26 23 22 
   4   5   3 25 24 23 
   7   5   3 28 25 24 
   4   6   3 25 24 22 
  10   8   3 24 23 22 
   7   3   2 25 22 
   9   4   1 23 
   4   7   1 23 
   7   4   1 22 
   3   5   1 26 
   1  10   1 22 
   3   8   1 32
   2   8   1 32
   7   4   1 32
   1   7   1 32
   4   8   1 32
   2   8   1 32
   5   6   1 32
   5   7   1 32
  10   9   1 32
   7  10   1 32
   0   0   0 
