
  32    1
  10

   0   0   3 2 3 6 
   9   4   3 10 7 4 
   8   9   2 5 4 
   6  10   2 9 8 
   9   4   4 16 13 12 11 
   4  10   2 13 9 
   3   6   4 18 16 13 11 
   9   7   5 21 18 16 14 13 
   5  10   4 21 16 14 12 
   9   9   4 21 20 18 14 
   7   7   3 21 20 14 
   8   6   4 20 19 18 17 
   5   8   3 20 19 17 
   5   9   1 15 
   4   7   3 22 19 17 
   7  10   4 31 24 23 20 
   7  10   4 31 25 24 23 
   6   8   3 31 24 22 
   9   7   3 31 28 23 
   8  10   2 25 22 
  10  10   1 23 
   9  10   3 29 28 27 
   4   6   2 29 26 
   3   9   2 28 26 
   6   9   2 28 26 
   3   3   1 27 
   6   9   1 30 
  10   7   1 30 
   3   6   1 30 
   2  10   1 32
   5  10   1 32
   0   0   0 
