
  32    1
  10

   0   0   6 2 3 5 7 8 15 
  10   1   7 16 14 13 10 9 6 4 
   5   2   5 20 16 13 10 4 
   9   5   3 21 12 11 
   2   3   3 31 13 10 
   1   5   5 31 21 20 19 12 
   3   1   8 31 30 24 23 21 20 19 18 
   5   4   7 31 30 28 24 21 19 17 
   3   8   8 31 30 29 27 24 23 21 18 
   2   2   5 24 21 19 18 17 
   2   6   5 31 24 19 18 17 
  10   3   5 30 27 24 23 18 
   3   6   5 30 29 23 21 18 
   7   3   5 29 27 24 23 18 
   1   5   4 29 23 21 18 
   7   4   3 23 19 18 
   9   3   4 29 27 26 23 
   3   3   3 28 26 22 
   9   4   2 27 22 
   6   6   2 29 27 
   7   6   1 22 
   2   3   1 25 
   3   4   1 25 
   7   3   1 26 
   1   6   1 32
   7   3   1 32
   1   4   1 32
   2   5   1 32
   5   4   1 32
  10   2   1 32
   2   6   1 32
   0   0   0 
