
  32    1
  10

   0   0   7 2 4 6 7 8 9 10 
   5   4   2 5 3 
   6   8   6 19 18 16 14 12 11 
   5   4   5 18 14 13 12 11 
   4   8   4 18 16 12 11 
   6   9   5 30 20 18 15 13 
   5   8   4 18 17 15 12 
   5   7   4 21 20 18 13 
   9   9   9 31 30 29 28 27 23 21 18 17 
  10   5   7 27 21 20 19 18 17 15 
   9   9   6 31 30 27 20 17 15 
   3   9   8 31 30 29 28 27 23 22 21 
   7  10   5 28 27 23 19 17 
   1   8   4 28 27 20 17 
   6  10   4 28 26 25 24 
   9  10   4 27 26 25 24 
   3  10   3 26 24 22 
   8  10   3 26 24 22 
   8   7   3 26 24 22 
   9  10   2 29 25 
  10   9   2 26 24 
   5  10   1 25 
   4   8   1 24 
   5   7   1 32
   2   3   1 32
   1   6   1 32
   7  10   1 32
   1   9   1 32
   8   8   1 32
  10   9   1 32
  10   6   1 32
   0   0   0 
