
  32    1
  10

   0   0   9 2 3 4 5 6 7 9 12 16 
   5   2   4 17 11 10 8 
   1   6   3 15 13 11 
   1   2   5 31 25 19 15 14 
  10   2   4 25 19 15 14 
   4   2   4 25 19 18 14 
  10  10   3 24 14 11 
   1   6   3 31 18 14 
   1   4   1 10 
  10   4   3 31 24 14 
  10   4   7 31 30 29 25 22 21 20 
   2   4   2 24 14 
   3   4   5 31 29 24 23 19 
  10   2   5 30 29 22 21 20 
   2   3   2 20 18 
  10   3   4 30 22 21 20 
   8   4   2 29 19 
   2   4   4 30 29 27 24 
   1   6   3 28 22 21 
   9   1   3 28 26 23 
  10  10   1 27 
   9   3   1 26 
   3   2   1 27 
   6   5   1 26 
   5   3   1 26 
   6   6   1 32
   8   5   1 32
   5   3   1 32
   6   2   1 32
   4   4   1 32
   7   4   1 32
   0   0   0 
