
  32    1
  10

   0   0  12 2 3 4 5 6 7 8 9 10 11 13 31 
   2   3   5 29 25 23 18 12 
   2   7   6 30 26 25 19 18 14 
   9   6   5 28 25 24 17 15 
   9   9   7 28 26 25 24 23 21 19 
   8  10   6 27 25 24 23 20 19 
   9  10   5 28 27 26 20 16 
   6   8   5 26 25 24 20 14 
   1  10   5 28 25 23 22 17 
   2  10   4 27 26 24 14 
   3   7   4 26 25 19 14 
   2   7   5 28 27 26 22 21 
   8  10   2 25 15 
   1   8   3 23 22 21 
  10  10   3 23 22 21 
   1   7   3 24 22 21 
   6  10   2 27 21 
   1   9   2 24 21 
   7   6   1 22 
   5   7   1 21 
   8  10   1 32
   5   3   1 32
   6  10   1 32
  10   8   1 32
   6   9   1 32
   3   8   1 32
   5   7   1 32
   6   7   1 32
   2  10   1 32
   5  10   1 32
   7   4   1 32
   0   0   0 
