
  32    1
  10

   0   0   3 2 3 6 
   8   1   4 9 7 5 4 
   8   5   4 10 9 8 5 
   7   6   5 16 13 12 11 10 
   7   4   5 16 14 13 12 11 
   4   4   1 7 
   6   2   4 18 16 14 8 
   9   5   3 17 15 13 
   7   3   3 17 15 13 
   2   2   2 15 14 
   8   3   2 18 15 
   6   6   2 17 15 
   9   5   3 22 20 19 
   2   6   3 22 20 19 
   8   3   3 22 21 20 
   7   2   3 24 22 21 
  10   5   2 22 20 
   5   3   3 26 24 21 
  10   6   2 24 21 
   9   5   3 26 24 23 
   6   6   2 31 23 
   4   6   3 31 30 26 
   4   3   2 29 25 
   1   1   2 29 25 
   7   5   2 30 27 
   5   3   2 29 28 
   9   4   1 28 
   4   6   1 32
   6   3   1 32
   7   2   1 32
   7   5   1 32
   0   0   0 
