
  32    1
  10

   0   0   6 2 3 4 5 6 11 
   2   1   2 12 7 
   4   5   2 12 7 
   9   7   2 13 7 
   4   6   2 16 8 
   2   7   4 16 13 10 9 
   4   5   3 16 10 9 
   3   5   3 15 12 9 
   4   8   2 23 14 
   6   6   2 15 14 
  10   6   2 23 14 
   8   6   1 13 
   7   7   1 14 
   2   5   4 22 19 18 17 
   4   9   4 22 19 18 17 
   1   8   5 25 24 22 19 18 
   5   8   4 28 25 24 20 
   7   7   2 28 20 
   8   4   4 31 28 27 26 
   6   5   1 21 
  10   3   3 31 27 26 
   2   3   3 31 27 26 
  10   7   3 31 27 26 
   2   9   3 31 29 26 
   5   7   2 30 27 
   4   3   1 30 
   5   4   1 29 
   7  10   1 29 
   1   8   1 32
   1   5   1 32
   8   6   1 32
   0   0   0 
