
  32    1
  10

   0   0   3 2 3 4 
   5   4   5 20 10 9 6 5 
   7   5   4 15 14 8 7 
   6   3   4 18 15 14 7 
   7  10   7 26 18 16 15 14 12 11 
   9   9   4 26 12 11 8 
   6  10   5 20 16 13 12 11 
   6   6   7 24 23 22 21 19 18 16 
   1   7   7 26 24 23 22 21 18 16 
   3   9   5 26 22 21 18 16 
   5   6   4 27 25 21 17 
   5   6   4 29 24 22 17 
   8  10   3 23 19 17 
   8   9   5 31 30 29 25 23 
   8  10   5 31 30 28 22 21 
   2  10   2 27 17 
   3   9   3 31 30 28 
   7  10   3 31 28 27 
   3  10   2 29 27 
   6  10   2 30 27 
   8  10   1 29 
   6  10   1 27 
   5  10   1 27 
   2   7   1 28 
   2   4   1 28 
   6   7   1 29 
  10   8   1 32
   8   8   1 32
   4   7   1 32
   4  10   1 32
   3   6   1 32
   0   0   0 
