
  32    1
  10

   0   0   5 2 3 4 7 8 
   7   5   6 20 14 12 11 10 6 
   2  10   3 12 6 5 
   6   4   7 23 22 19 17 16 15 14 
   5  10   5 22 19 17 14 11 
   6  10   3 23 22 9 
   7  10   4 19 16 15 13 
   2  10   5 31 26 23 22 14 
   9  10   6 31 25 21 19 18 15 
   1   7   6 31 25 23 21 16 15 
   7   9   5 31 25 21 16 15 
   3   5   4 25 18 17 15 
   7   9   5 31 30 26 22 21 
  10  10   4 28 25 21 18 
   8   7   3 30 27 26 
   2   8   3 30 27 26 
   1   4   3 31 27 24 
  10   9   3 30 29 27 
   8  10   3 29 28 27 
   4   7   3 31 29 27 
  10  10   2 27 24 
   6   9   2 28 25 
  10   5   2 28 27 
  10   8   1 29 
   7   7   1 27 
   2   5   1 28 
   3  10   1 32
   2  10   1 32
   7   6   1 32
  10  10   1 32
  10   6   1 32
   0   0   0 
