
  32    1
  10

   0   0  10 2 3 4 5 7 10 11 12 14 17 
   5   1   5 31 29 13 9 6 
   3   2   6 30 27 26 24 18 8 
   9   1   9 31 29 28 27 26 24 22 20 19 
   9   2   5 30 26 25 18 15 
   4   2   4 27 24 18 15 
   4   3   4 28 25 18 15 
  10   1   4 29 28 21 15 
   6   4   4 26 22 21 16 
  10   1   4 26 25 23 19 
   7   2   2 19 15 
   8   2   2 19 15 
   1   1   3 28 25 21 
   2   4   3 25 22 21 
   3   3   2 23 22 
   5   1   2 27 24 
   1   2   2 24 23 
   5   1   1 19 
   9   1   1 21 
   4   2   1 21 
   6   1   1 32
   5   3   1 32
   2   2   1 32
   4   4   1 32
   6   4   1 32
   3   2   1 32
   7   4   1 32
   3   1   1 32
   9   1   1 32
   9   1   1 32
   4   1   1 32
   0   0   0 
