
  32    1
  10

   0   0   3 2 3 4 
   3   2   3 8 6 5 
   2   5   3 8 6 5 
  10  10   2 8 5 
   2   6   4 15 13 10 7 
   2   9   2 15 7 
   5   5   4 16 14 12 9 
   9   5   5 17 16 15 14 11 
   7   9   2 17 11 
   2   4   2 16 11 
  10   7   5 27 26 20 19 18 
   4  10   4 26 20 19 18 
   7   2   4 27 21 20 19 
   8   6   3 26 19 18 
  10   4   5 28 27 26 23 21 
   2  10   4 26 23 21 20 
   4   6   3 27 24 19 
   9   5   3 28 23 21 
   3   6   2 28 22 
   2   6   2 28 25 
   7   4   1 24 
   1   4   1 23 
   5   5   1 25 
  10   5   1 25 
   5   5   3 31 30 29 
   5   7   3 31 30 29 
   3   4   3 31 30 29 
   2   7   1 29 
   3   8   1 32
  10  10   1 32
   3   4   1 32
   0   0   0 
