
  32    1
  10

   0   0   5 2 3 4 5 6 
   9   2   4 10 9 8 7 
   5   8   3 10 8 7 
  10   9   3 10 9 7 
   6   7   3 12 10 7 
   6   9   2 10 8 
   1   7   2 15 11 
   8  10   2 12 11 
   2   8   2 12 11 
   1   6   1 11 
   5   8   3 22 14 13 
   4  10   2 16 13 
   3   6   5 25 21 19 18 17 
  10   7   4 25 21 20 16 
   2   5   4 31 21 18 17 
   5   8   2 19 18 
   4  10   3 26 23 20 
  10  10   2 24 23 
  10  10   3 31 28 26 
   6   6   2 30 24 
   5   6   2 30 26 
  10   5   1 23 
   4  10   2 30 27 
   3  10   2 28 27 
   9   9   1 26 
   8   9   1 27 
   5  10   1 29 
   1   7   1 29 
   8  10   1 32
   5  10   1 32
   6   8   1 32
   0   0   0 
