
  32    1
  10

   0   0   3 2 4 6 
   2   1   2 5 3 
   8   1   3 12 8 7 
   7   1   2 8 5 
   4   2   3 11 10 9 
   5   2   2 11 8 
   9   4   3 15 11 9 
   3   2   2 13 10 
  10   3   2 14 13 
   2   1   3 22 15 14 
   1   2   5 25 22 20 17 16 
   5   1   5 25 22 20 18 16 
   9   1   5 25 22 19 18 17 
  10   2   3 25 20 16 
   1   1   3 20 19 17 
  10   2   3 24 21 19 
  10   3   5 29 28 26 24 23 
   5   2   3 29 28 21 
   9   2   4 29 28 26 23 
   9   1   3 28 27 26 
   9   1   2 26 23 
   1   3   2 26 23 
   5   3   2 31 27 
   1   4   2 31 27 
   6   3   2 31 27 
   4   1   2 31 30 
   9   2   1 30 
   6   3   1 31 
   5   2   1 30 
  10   3   1 32
   6   1   1 32
   0   0   0 
