
  32    1
  10

   0   0   9 2 3 4 5 6 7 10 12 19 
   6   1   8 31 30 29 18 16 14 9 8 
   3   1   9 30 29 28 27 25 23 16 11 8 
   9   1   9 29 28 27 26 25 24 18 17 13 
  10   6   6 26 25 24 21 18 17 
   6   2   5 26 23 21 17 15 
   7   1   6 27 25 23 22 21 17 
   2   1   5 26 24 22 17 13 
   5   1   5 27 25 22 17 13 
   7   2   4 23 22 17 13 
   6   2   3 22 21 17 
   3   2   3 22 21 20 
   3   2   2 21 20 
   5   2   2 28 22 
   3   2   2 24 22 
   2   4   1 17 
   2   2   1 20 
   3   4   1 23 
   2   3   1 20 
   6   1   1 32
   9   1   1 32
   7   2   1 32
   8   3   1 32
   3   1   1 32
   4   2   1 32
   3   2   1 32
   3   2   1 32
   4   1   1 32
  10   2   1 32
   2   2   1 32
   7   2   1 32
   0   0   0 
