
  32    1
  10

   0   0  11 2 3 4 5 7 8 10 11 12 13 18 
   6   4   7 30 29 20 19 14 9 6 
   7   8   9 30 29 27 26 20 19 17 16 9 
   6   6   5 27 23 17 16 15 
   9  10   7 30 29 28 24 23 22 15 
   4   4   5 27 23 22 16 15 
   9   7   5 28 27 23 21 19 
   2   8   4 29 23 22 15 
   2  10   5 31 28 23 22 21 
   2   5   5 25 24 23 22 21 
   8   6   4 28 23 22 21 
   1  10   2 27 17 
   9   7   2 22 15 
   1  10   3 27 24 22 
   4  10   2 26 21 
  10   6   2 24 21 
   2   6   2 25 22 
   2  10   2 23 21 
   2   6   1 25 
   1  10   1 21 
   5  10   1 32
   1   8   1 32
   8   8   1 32
   2   6   1 32
   9   9   1 32
   7  10   1 32
   5   9   1 32
   6  10   1 32
   9  10   1 32
   7  10   1 32
   2   7   1 32
   0   0   0 
