
  32    1
  10

   0   0   6 2 3 4 5 8 9 
   8   1   5 16 12 11 7 6 
   7   2   6 19 14 13 12 11 10 
  10   3   4 16 14 12 7 
   8   3   4 22 16 13 11 
  10   4   7 31 30 29 21 19 17 14 
   9   5   6 30 29 22 19 17 13 
   7   4   6 31 18 17 16 15 14 
   8   6   7 31 30 27 22 21 19 18 
   7   7   5 31 29 20 17 15 
   9   3   3 18 17 15 
   6   8   4 31 29 26 15 
   3   3   5 31 27 25 21 20 
   2   2   6 28 27 26 25 24 22 
   5   4   6 30 28 27 25 24 23 
   4   9   5 30 29 26 25 23 
   5   5   4 27 25 24 23 
   8   7   4 29 26 25 24 
   3   2   2 26 20 
   4   5   2 24 23 
   8   5   2 28 26 
   2   1   1 23 
   7   2   1 32
   1   1   1 32
  10   1   1 32
   5   4   1 32
   1   4   1 32
   4   3   1 32
   3   5   1 32
   2   5   1 32
   7   6   1 32
   0   0   0 
