
  32    1
  10

   0   0   7 2 3 4 5 8 9 10 
   4   3   6 18 17 16 15 13 7 
   9   9   5 20 19 18 11 6 
   3   6   4 14 13 11 6 
   3   6   5 31 30 21 19 18 
   5   9   3 31 16 12 
   3  10   3 31 20 12 
   9   8   5 30 22 21 20 19 
   7   8   4 29 22 19 17 
  10   9   4 22 21 19 16 
   5  10   7 31 30 29 28 26 25 22 
   8   3   4 30 25 22 21 
   5  10   3 22 21 19 
   5   8   3 30 21 19 
   8   7   7 31 29 28 27 26 25 23 
   7  10   6 30 29 27 26 25 23 
   3   6   6 31 30 28 26 25 23 
   4   7   4 28 26 25 22 
   8   7   5 28 27 26 25 23 
   7   6   3 27 25 23 
   2  10   3 29 28 26 
   3   9   2 27 23 
   1  10   1 24 
   8   7   1 32
   3  10   1 32
   8  10   1 32
   7   5   1 32
   4   7   1 32
  10  10   1 32
   6  10   1 32
   8  10   1 32
   0   0   0 
