
  32    1
  10

   0   0   5 2 4 7 11 12 
   6   1   2 6 3 
   7   2   5 19 16 10 9 5 
  10   5   7 27 22 21 20 18 15 13 
   5   6   2 18 8 
   6   5   2 13 8 
   4   2   2 15 9 
   7   3   7 27 25 22 21 20 17 15 
   7   2   3 21 14 13 
   6   5   5 31 26 21 17 14 
  10   5   6 31 26 25 23 22 17 
   9   4   3 27 19 15 
   5   4   4 31 25 23 17 
   1   6   3 29 24 20 
   1   4   4 31 30 28 26 
   8   2   4 31 30 29 23 
   3   6   3 29 28 24 
   6   3   3 31 28 24 
   7   5   3 29 25 23 
   3   6   2 30 23 
   5   4   2 29 23 
   3   1   2 29 28 
   5   3   1 28 
  10   6   1 30 
   6   5   1 28 
   2   3   1 29 
   3   3   1 30 
   1   2   1 32
  10   5   1 32
   2   4   1 32
   7   8   1 32
   0   0   0 
