
  32    1
  10

   0   0   2 2 7 
   7   6   3 14 11 3 
   1   7   4 13 12 6 4 
   8   9   3 17 9 5 
   8  10   3 20 10 8 
   8   7   5 22 21 20 15 10 
   5  10   5 30 21 20 18 9 
   4  10   5 31 21 19 18 15 
   8   7   4 31 22 19 15 
  10   7   4 31 30 25 16 
   8   9   4 30 29 21 15 
   7   9   5 30 26 22 19 18 
   4   8   7 29 28 27 26 25 24 22 
  10  10   7 30 28 27 25 24 23 21 
   3   5   6 28 27 26 25 24 23 
   6  10   4 28 27 26 19 
   3  10   5 28 27 25 24 23 
   2   9   3 25 24 23 
   9  10   2 29 23 
   8   8   2 24 23 
   2   9   1 26 
   2   8   1 23 
   6   6   1 32
   2   9   1 32
   1   5   1 32
   9   6   1 32
   4  10   1 32
   7   7   1 32
   5   7   1 32
   3   6   1 32
  10   6   1 32
   0   0   0 
