
  32    1
  10

   0   0   6 2 4 5 6 7 8 
   1   1   2 14 3 
   1   1   6 22 16 15 13 10 9 
   8   4   5 22 16 15 10 9 
   2   3   5 21 15 14 12 11 
   7   1   4 17 15 12 10 
   9   2   6 30 22 21 19 17 14 
  10   3   6 31 30 22 17 16 12 
   4   4   7 31 30 27 21 19 18 17 
   6   2   7 31 30 27 21 20 19 18 
   1   1   6 31 30 27 20 19 18 
   2   2   4 28 27 20 18 
   5   1   4 30 27 20 18 
   6   1   4 31 28 27 18 
   8   2   3 30 27 19 
   7   4   5 27 26 25 24 23 
   1   3   4 26 24 23 20 
   8   1   4 29 26 24 23 
  10   1   3 28 24 23 
   3   2   1 25 
   5   1   1 23 
   2   2   1 25 
   4   1   1 32
   5   2   1 32
   7   1   1 32
   6   5   1 32
   8   2   1 32
   3   2   1 32
   1   1   1 32
   4   1   1 32
   6   3   1 32
   0   0   0 
