
  32    1
  10

   0   0   8 2 3 4 5 6 7 9 10 
   8   4   6 20 19 15 14 13 8 
   7   6   7 26 23 19 18 15 14 12 
   6   9   4 23 19 15 8 
   1  10   6 26 23 19 18 16 12 
  10   9   5 26 20 18 17 13 
  10   7   2 13 11 
   2   9   4 26 18 16 12 
   9   9   6 31 30 22 18 17 15 
   7   7   4 30 19 17 15 
   5   6   4 30 23 17 15 
   6   7   5 31 30 29 22 17 
   6   8   6 31 29 28 23 22 21 
   3   6   4 30 22 21 16 
   9   8   1 16 
   7   4   4 29 28 25 24 
   3   9   3 28 24 21 
   6   6   3 28 25 24 
   8   5   3 31 29 24 
  10  10   3 30 28 27 
   1  10   1 25 
   4  10   1 25 
  10   9   1 24 
   5  10   1 27 
   1   7   1 27 
   6  10   1 27 
  10   9   1 32
   9  10   1 32
   7   9   1 32
   6  10   1 32
   6   7   1 32
   0   0   0 
