
  32    1
  10

   0   0  12 2 3 4 5 6 7 8 9 10 11 14 19 
   2  10   7 31 30 26 18 17 16 15 
   8   8   4 22 20 15 12 
   7   6   4 29 22 20 12 
   4   8   3 27 15 13 
   1   7   4 29 28 27 13 
   3  10   4 26 22 21 17 
   7  10   3 29 16 13 
  10   8   4 26 24 22 21 
   2  10   2 23 13 
  10   5   5 30 29 27 26 25 
   4  10   4 28 27 25 24 
   7   4   3 25 24 20 
   9   9   3 27 26 25 
   3   9   2 25 21 
   7  10   2 28 24 
   9   6   2 25 24 
   7   4   2 29 27 
   4   7   2 25 24 
   9  10   1 26 
  10  10   1 28 
   7   7   1 27 
   9  10   1 24 
   3   4   1 32
   4   5   1 32
   4   8   1 32
   1   9   1 32
   3   6   1 32
   1  10   1 32
   9  10   1 32
   3  10   1 32
   0   0   0 
