
  32    1
  10

   0   0   2 2 5 
   6   1   3 8 7 3 
   8   1   1 4 
   6   2   3 11 10 6 
   3   3   2 10 6 
   3   2   4 14 13 12 9 
   9   2   3 14 10 9 
   1   3   3 13 12 9 
   5   2   4 18 17 16 15 
   9   3   1 12 
   9   2   1 12 
   6   1   3 18 17 15 
   9   3   3 17 16 15 
   6   2   4 25 19 18 17 
   3   6   4 25 21 20 19 
   3   3   4 31 29 28 22 
   2   1   3 26 24 21 
   6   1   2 22 21 
   2   1   4 31 29 28 23 
   3   2   4 29 28 24 23 
   1   1   3 31 28 23 
   7   2   2 24 23 
   5   4   1 27 
   4   2   1 27 
   7   1   1 27 
   6   2   1 28 
   3   1   1 30 
   4   2   1 30 
   8   2   1 30 
   8   1   1 32
   7   1   1 32
   0   0   0 
