
  32    1
  10

   0   0   6 2 3 4 5 7 8 
   2   1   6 19 17 15 14 12 9 
   6   6   3 17 15 9 
   7   3   1 6 
   8   4   7 31 23 17 16 15 13 11 
   9   1   2 17 9 
   9   5   2 17 9 
   3   8   6 23 17 15 13 12 11 
  10   2   4 31 23 11 10 
   9   1   2 20 13 
   2   3   6 30 28 27 26 22 20 
   8   5   6 30 28 26 22 21 18 
   8   5   6 30 28 27 25 22 18 
   7   5   4 27 26 21 18 
   2   6   4 28 27 26 18 
   9   1   4 28 27 26 20 
   3   4   3 26 22 21 
   4   6   2 29 24 
   7   5   2 28 26 
   1   4   1 21 
   7   1   1 25 
  10   5   1 24 
   6   6   1 27 
   7   4   1 32
   9   2   1 32
   3   7   1 32
   7   3   1 32
   1   3   1 32
   5   4   1 32
   7   5   1 32
   4   5   1 32
   0   0   0 
