
  32    1
  10

   0   0   9 2 3 4 5 6 8 9 10 19 
   7   7   9 29 28 26 22 17 16 13 11 7 
   7   7  11 30 29 28 27 26 22 18 17 16 12 11 
   9   5   8 27 26 25 24 22 16 15 13 
   8  10   8 29 26 25 24 22 20 16 15 
   8   6   5 27 23 22 15 12 
   9   9   4 30 27 15 12 
   6   9   6 28 27 26 22 21 20 
   6  10   5 31 26 22 21 14 
   4   6   4 23 22 21 14 
   7  10   3 24 23 15 
   5  10   2 25 14 
  10   6   1 14 
   3   7   1 20 
   6   7   1 21 
   2  10   1 23 
  10   3   1 24 
  10   7   1 20 
   9   8   1 24 
   3  10   1 32
   1  10   1 32
   7   8   1 32
   5   8   1 32
   9  10   1 32
   4   8   1 32
   9   9   1 32
   7   9   1 32
   6   7   1 32
   8   6   1 32
   8  10   1 32
   9   8   1 32
   0   0   0 
