
  32    1
  10

   0   0   8 2 3 4 5 6 8 10 18 
  10   1   4 20 15 9 7 
   1   4   6 20 19 16 14 13 11 
   3   6   6 27 22 20 16 13 11 
   3   8   4 27 20 15 13 
   4  10   4 14 13 12 11 
   5   9   4 27 22 13 11 
   1   4   4 27 22 16 13 
   1   5   2 19 11 
   5   4   3 27 26 13 
   5  10   4 26 25 24 17 
   4   6   5 27 25 23 22 21 
  10   5   3 25 24 17 
   9   9   3 26 24 17 
   2   3   3 26 23 19 
   4   8   1 17 
   4   6   3 28 23 21 
   5   4   4 31 29 28 23 
   6   4   3 30 28 22 
   4   2   3 28 24 23 
   9   7   2 31 29 
   1   8   2 31 29 
   5   6   1 30 
   3   7   1 30 
   6   3   1 29 
   6   3   1 28 
   2   7   1 28 
   9   6   1 32
   1   9   1 32
   3   9   1 32
   5   7   1 32
   0   0   0 
