
  32    1
  10

   0   0   9 2 3 4 6 7 8 10 12 13 
   6   1   6 28 25 17 14 11 5 
   4   3   7 30 28 27 26 24 15 9 
   7   3   5 30 25 22 15 11 
   7   1   8 27 26 24 23 21 20 18 16 
   6   2   8 28 26 24 23 21 19 18 15 
  10   1   8 31 27 23 22 21 20 19 18 
   9   2   5 27 21 19 15 14 
   6   2   6 25 23 22 21 18 16 
   2   1   5 28 21 19 18 15 
   7   2   5 29 24 23 19 18 
   5   1   5 26 25 24 22 20 
   8   3   2 21 15 
   4   1   2 22 18 
   3   1   1 20 
   7   3   1 19 
   3   3   1 18 
   6   3   1 32
   2   1   1 32
   6   3   1 32
   4   3   1 32
   7   2   1 32
   6   2   1 32
   6   2   1 32
  10   2   1 32
  10   2   1 32
   5   2   1 32
   5   3   1 32
   1   2   1 32
   4   2   1 32
   3   1   1 32
   0   0   0 
