
  32    1
  10

   0   0   5 2 3 4 5 8 
   1   2   2 9 6 
   4   4   3 10 9 7 
   6   8   3 18 15 9 
  10   7   3 18 15 9 
   3  10   2 10 7 
  10   6   5 18 17 13 12 11 
   9   8   5 18 17 13 12 11 
   1  10   4 17 13 12 11 
  10   7   3 17 16 14 
   6   3   2 19 16 
   4   5   2 19 16 
   8  10   1 14 
   5   2   4 26 21 20 19 
   1   5   4 26 21 20 19 
   8   8   4 26 25 21 20 
   3   5   2 26 19 
   9   5   2 26 19 
   6   5   3 25 24 22 
   1   5   3 30 24 22 
   4   9   2 30 22 
   2   7   3 31 27 23 
   1   6   2 29 28 
   2   2   2 29 27 
   4   6   2 30 27 
   3   5   1 28 
  10   8   1 32
   5   2   1 32
   3   6   1 32
   8   8   1 32
   5   6   1 32
   0   0   0 
