
  32    1
  10

   0   0   6 2 4 5 7 12 17 
   4   1   3 10 8 3 
   2   2   5 15 14 13 11 9 
   8   1   5 16 13 10 8 6 
   6   1   3 13 11 9 
  10   3   7 31 30 23 21 20 19 18 
   9   5   6 31 30 29 23 21 16 
   2   1   5 30 23 19 18 11 
   5   1   4 30 21 19 16 
   2   2   5 30 29 23 20 18 
   4   4   7 31 29 27 26 25 22 21 
   3   2   7 31 30 28 27 26 25 22 
   9   2   6 28 27 25 23 22 20 
   7   2   6 31 30 25 23 22 20 
  10   2   3 29 26 18 
   9   3   2 20 18 
   5   2   4 27 25 23 21 
   8   1   4 28 27 25 22 
   2   3   3 29 27 25 
   6   2   2 26 24 
   9   1   2 28 24 
   6   2   1 24 
   5   2   1 26 
   2   1   1 32
   2   2   1 32
   6   2   1 32
   9   1   1 32
   1   2   1 32
   2   1   1 32
   2   3   1 32
   4   3   1 32
   0   0   0 
