
  32    1
  10

   0   0   4 2 3 7 8 
   7   2   3 9 6 5 
   6   6   2 9 4 
   4   8   2 10 5 
   5   4   5 16 15 14 12 11 
   1   8   5 16 15 12 11 10 
   3   6   5 16 15 14 11 10 
   4   3   4 21 17 14 13 
   4   6   3 16 13 12 
  10   7   3 21 17 13 
   4   5   2 21 13 
   7   7   4 23 21 20 18 
   7   7   3 23 20 18 
   3   5   3 23 20 18 
   3   3   2 18 17 
   5   5   4 25 23 20 19 
   8  10   3 25 20 19 
  10   6   2 25 19 
   7   4   3 26 24 22 
   2  10   3 31 27 24 
  10   9   2 24 22 
   6   3   2 28 27 
   7   9   2 28 27 
   4   4   2 30 28 
   7   8   2 31 28 
   9  10   1 27 
   6   6   2 30 29 
   2   6   1 29 
   5   3   1 32
   6   3   1 32
   5   7   1 32
   0   0   0 
