
  32    1
  10

   0   0   7 2 3 4 5 6 10 14 
   4   1   4 17 15 9 7 
   1   3   5 30 18 17 11 8 
   9   1   4 31 30 15 9 
   3   1   2 30 9 
   2   1   7 30 29 23 20 19 18 15 
   2   2   4 31 30 28 13 
   5   2   3 28 15 13 
   3   5   2 18 13 
   8   1   2 20 12 
   3   3   2 28 13 
   2   2   6 30 29 28 23 19 16 
   1   3   5 29 23 20 19 16 
   7   2   8 30 29 28 27 25 23 22 21 
   3   3   2 27 16 
   6   3   4 26 25 22 21 
   6   3   3 26 25 21 
   1   1   3 28 26 24 
   1   1   2 27 21 
   5   2   2 25 24 
   6   1   1 24 
   3   1   1 24 
   2   2   1 24 
   6   3   1 32
  10   3   1 32
   6   1   1 32
   8   1   1 32
   7   3   1 32
   4   3   1 32
   3   1   1 32
  10   1   1 32
   0   0   0 
