
  32    1
  10

   0   0   3 2 3 4 
  10   1   2 7 5 
   7   3   2 7 5 
   6   2   2 7 5 
   3   3   1 6 
   9   2   5 16 11 10 9 8 
   8   3   4 18 16 15 12 
   1   1   4 20 18 17 12 
   6   1   4 20 17 15 13 
   6   4   4 18 17 15 13 
   1   3   5 23 21 20 19 17 
   6   3   1 13 
   8   2   1 14 
   2   2   3 23 21 19 
   3   2   3 23 21 19 
   1   1   2 19 17 
  10   1   4 31 25 24 22 
   6   1   5 31 30 27 26 23 
   7   1   4 31 29 24 22 
   3   2   4 31 28 25 24 
   4   2   2 25 22 
   7   1   4 30 28 27 26 
   3   2   2 28 25 
   5   2   2 27 26 
  10   1   1 29 
   2   3   1 32
   6   3   1 32
  10   2   1 32
  10   2   1 32
   1   3   1 32
   4   1   1 32
   0   0   0 
