
  32    1
  10

   0   0   5 2 3 4 5 8 
   8   2   5 13 12 10 9 7 
   6   2   4 13 10 7 6 
   7  10   4 13 12 9 7 
   9   4   4 16 13 12 9 
   5   6   3 16 12 11 
   6   8   3 16 14 11 
   4   8   3 16 14 11 
   9  10   2 15 14 
  10   3   3 19 17 16 
   6   7   2 19 15 
   6   8   2 17 14 
   3   4   2 17 14 
   4   3   4 23 20 19 18 
   3   7   2 23 17 
   7   4   3 23 20 18 
   1   6   2 20 18 
  10   3   3 31 22 21 
   6   8   3 25 22 21 
  10   6   1 21 
   6   7   3 30 29 26 
   2   3   3 30 27 24 
   3   5   2 29 26 
   7   9   2 29 28 
  10   8   2 29 28 
   1   9   1 27 
   1   5   1 28 
   3   5   1 32
   2   8   1 32
   1   7   1 32
   6   5   1 32
   0   0   0 
