
  32    1
  10

   0   0   7 2 4 5 7 8 10 15 
   6   2   3 20 11 3 
   1   8   3 12 9 6 
   2   4   2 9 6 
  10  10   7 23 22 20 18 17 16 12 
   3   8   5 23 17 16 14 13 
   5   9   4 23 17 13 11 
   4  10   8 31 30 29 25 23 22 19 18 
   4  10   5 31 29 23 18 17 
   4   7   3 30 28 13 
   8   9   5 30 29 22 19 16 
   4  10   8 31 30 29 28 27 26 25 21 
   3   6   6 31 29 26 25 22 18 
   2   8   6 31 29 27 25 21 19 
   3  10   4 28 26 25 18 
   5   8   5 28 27 26 25 21 
   1   9   4 30 28 25 19 
   8   7   2 27 21 
   3   8   2 26 24 
   4   9   2 25 24 
   4  10   1 24 
   2  10   1 24 
   5   4   1 28 
   3  10   1 32
   3   9   1 32
   9   5   1 32
   5   9   1 32
   9   5   1 32
   1   8   1 32
   6  10   1 32
   8   8   1 32
   0   0   0 
