
  32    1
  10

   0   0   4 2 3 4 11 
   4   6   5 10 8 7 6 5 
   5   8   3 10 7 5 
   9  10   2 12 6 
   1   4   2 12 9 
   8   5   1 9 
   7   9   1 9 
   8   7   1 9 
   6   9   3 17 14 13 
   2  10   3 15 14 12 
   1   7   3 17 15 14 
   3   9   5 22 21 20 17 16 
   6   8   3 24 16 15 
   5   8   4 22 21 20 16 
   1  10   5 26 25 22 21 18 
   5   9   4 25 23 19 18 
   9   8   4 25 24 23 18 
   2   6   3 31 28 27 
   7   4   2 31 26 
   6   7   2 27 25 
   3  10   1 23 
   9  10   1 23 
  10  10   3 31 29 27 
   6   9   1 26 
  10   8   3 31 30 29 
   3   6   2 29 27 
  10   9   1 30 
   1  10   1 29 
   9   7   1 32
   3   7   1 32
   5  10   1 32
   0   0   0 
