
  32    1
  10

   0   0   9 2 3 4 5 6 9 10 11 12 
   5   5   6 25 17 16 14 13 8 
   6   9   2 15 7 
   6  10   4 25 19 15 13 
   6   3   5 25 24 21 20 14 
   6   9   5 25 24 21 20 18 
   1   7   3 25 21 13 
   1   8   3 31 21 15 
   3   7   3 21 20 13 
   4  10   4 31 24 21 20 
  10   5   4 31 24 21 18 
   4   4   2 21 13 
  10  10   5 31 29 24 23 22 
   1  10   3 30 23 19 
   3   7   2 20 18 
   9   9   4 29 24 23 22 
   8   7   1 18 
   6  10   4 30 29 23 22 
  10  10   4 31 29 27 22 
  10   9   3 29 23 22 
   8  10   1 22 
   6   8   2 28 26 
  10  10   2 27 26 
   6  10   1 30 
   5   9   1 27 
   2   9   1 32
   3   6   1 32
   2   3   1 32
   8  10   1 32
   1   6   1 32
   1  10   1 32
   0   0   0 
