
  32    1
  10

   0   0   3 2 3 5 
   9   1   2 8 4 
  10   1   1 4 
   1   3   2 10 6 
  10   2   2 10 6 
   5   2   4 12 11 9 7 
   1   1   4 17 16 14 13 
   7   2   3 17 14 13 
   1   2   2 17 13 
   7   2   2 14 13 
   8   1   4 24 19 16 15 
   4   1   2 17 14 
   6   2   3 24 19 15 
   3   2   2 19 15 
   3   1   3 21 20 18 
   8   1   2 31 18 
   4   1   3 26 23 21 
   6   3   3 26 23 22 
   5   4   2 23 22 
   5   3   5 31 30 29 28 25 
   7   3   2 30 22 
   4   1   3 29 28 25 
   3   1   2 30 29 
   9   1   2 28 27 
   6   2   1 27 
   5   4   1 27 
   6   3   1 32
   2   2   1 32
   2   2   1 32
   7   1   1 32
   8   5   1 32
   0   0   0 
