
  32    1
  10

   0   0   3 2 5 6 
   5   7   2 4 3 
   4   8   3 11 8 7 
   2   5   2 11 7 
   3   9   2 8 7 
   6   6   3 13 11 8 
   4  10   3 14 10 9 
   4  10   1 9 
   7   8   3 16 15 12 
   1   9   4 19 16 15 13 
   9   8   3 20 14 12 
   4  10   3 19 18 17 
   6   9   3 31 20 18 
   1  10   3 24 19 18 
   9   9   5 31 26 25 24 21 
   5   6   4 31 25 22 20 
   4   8   5 31 26 25 24 23 
  10   6   3 26 25 21 
   2   9   4 31 26 23 22 
   3  10   3 30 26 24 
  10  10   2 23 22 
   3   6   3 30 29 28 
   8   7   2 30 28 
   5   4   2 29 28 
   7   8   2 29 28 
   6   8   1 27 
   5   9   1 28 
   2   9   1 32
   2   9   1 32
   5   3   1 32
   3  10   1 32
   0   0   0 
