
  32    1
  10

   0   0   5 2 3 4 5 8 
   7   1   4 14 13 9 6 
   6   2   5 23 20 10 9 6 
   1   2   4 24 20 18 7 
   9   1   4 24 20 13 7 
   8   1   5 24 22 15 12 11 
   5   1   2 15 9 
   8   2   7 25 24 23 22 19 17 16 
   7   2   4 26 22 19 11 
   8   2   4 26 25 19 17 
   5   1   4 31 25 17 16 
   9   2   3 26 19 17 
   5   1   4 31 30 23 22 
  10   3   3 31 29 18 
  10   3   3 30 28 19 
   1   4   3 30 29 21 
   7   1   2 30 21 
   5   2   2 30 23 
   3   3   3 31 29 27 
   8   4   3 31 28 27 
   9   2   2 28 27 
   6   2   2 29 28 
   8   1   2 28 27 
   2   2   2 28 27 
   8   2   1 29 
   4   1   1 27 
   1   3   1 32
   7   1   1 32
   8   1   1 32
   7   5   1 32
   9   2   1 32
   0   0   0 
