
  32    1
  10

   0   0   6 2 3 4 5 6 7 
   8   1   4 12 10 9 8 
   7   4   4 18 12 11 10 
  10   3   2 10 8 
   3   5   4 16 14 13 12 
   3   5   3 20 16 10 
   1   7   3 18 13 11 
   9   5   4 20 18 16 13 
   6   5   1 11 
   4   5   3 17 14 13 
   2   3   3 20 16 15 
   1   2   2 20 15 
   7   6   1 15 
   6   5   1 15 
   2   5   2 21 19 
   9   3   1 17 
   4   2   3 26 23 22 
  10   3   2 26 21 
  10   1   2 26 23 
   6   5   2 26 22 
   4   8   1 22 
   3   3   3 31 28 24 
   1   3   3 31 28 24 
   7   1   1 25 
   1   2   2 30 27 
   4   3   2 31 27 
   7   8   1 29 
   6   5   1 29 
   6   4   1 32
   9   3   1 32
   9   5   1 32
   0   0   0 
