
  32    1
  10

   0   0  11 2 3 4 5 6 7 8 9 10 11 19 
   2   3  10 31 30 29 28 24 17 16 15 13 12 
   8   7   7 26 25 23 21 17 16 14 
   6  10   7 29 26 25 23 18 16 15 
   5   7   7 31 28 27 26 17 16 12 
   7   7   6 31 28 25 23 21 17 
   9   7   6 30 27 26 23 20 18 
   9  10   6 27 26 25 22 20 18 
   5   5   3 25 17 12 
   7   6   6 30 27 26 24 21 20 
   5  10   5 29 28 21 20 16 
   6   8   4 23 22 21 20 
   7  10   4 25 23 21 20 
   1   8   3 27 20 18 
  10   7   3 22 21 20 
   6   9   1 22 
   9   8   1 20 
   8   6   1 24 
   3   9   1 20 
   4  10   1 32
   1   4   1 32
   5   5   1 32
   7   9   1 32
  10  10   1 32
   8  10   1 32
   1   8   1 32
   1  10   1 32
   9  10   1 32
   1   7   1 32
   2  10   1 32
   9  10   1 32
   0   0   0 
