
  32    1
  10

   0   0   4 2 3 4 7 
  10   2   4 11 9 8 6 
   2   5   4 10 9 8 5 
   4   8   3 9 8 5 
   3   4   6 16 15 14 13 12 11 
   6  10   5 16 15 14 13 10 
  10   6   3 15 12 8 
   8  10   5 18 17 16 14 13 
   9   3   4 18 16 13 12 
   2   9   2 18 12 
   9   9   5 25 24 21 18 17 
   1   8   4 25 24 21 17 
   5   8   6 26 25 24 23 21 20 
   8   8   6 26 25 24 23 21 20 
   2   4   3 26 21 18 
   7   7   5 26 25 24 23 21 
   7   3   2 26 19 
   9   5   1 19 
   6   3   2 23 20 
  10   4   1 22 
   8   7   1 22 
   1   5   5 31 30 29 28 27 
   6   4   5 31 30 29 28 27 
   8   7   5 31 30 29 28 27 
   1   7   4 30 29 28 27 
   6   3   3 29 28 27 
   7   8   1 32
   4   6   1 32
  10   5   1 32
   5   6   1 32
   6   6   1 32
   0   0   0 
