
  32    1
  10

   0   0  11 2 3 4 5 6 7 8 9 11 14 16 
   3   3   7 31 28 25 20 17 13 12 
   7   9   7 27 26 25 24 20 18 15 
   1   7   6 31 30 28 26 21 10 
   8   4   6 31 30 28 26 25 13 
   9   9   4 28 19 12 10 
   8  10   6 30 29 25 24 23 19 
   3  10   6 29 26 25 24 19 18 
   3  10   6 31 27 25 24 23 22 
   2   7   5 27 25 24 23 22 
   3   6   4 28 24 23 18 
   5   3   4 27 26 24 22 
   6  10   4 27 24 23 22 
  10  10   3 29 26 18 
   6   8   3 30 29 23 
   5  10   3 25 23 22 
   2   7   2 26 22 
   3  10   1 22 
   5   8   1 22 
   6  10   1 23 
   9   7   1 22 
   2  10   1 32
   6  10   1 32
   8   9   1 32
   5   5   1 32
   2   8   1 32
   7   6   1 32
   9  10   1 32
   2  10   1 32
   1   4   1 32
   3  10   1 32
   0   0   0 
