
  32    1
  10

   0   0   3 2 3 4 
   2   1   4 11 8 7 6 
   4  10   3 8 7 6 
   5   6   2 11 5 
   4   6   3 12 10 9 
  10   7   3 17 12 10 
   7   9   3 17 12 10 
   6   8   5 19 18 17 15 14 
   7   6   5 19 18 17 15 14 
   4   5   4 18 15 14 13 
   9   9   1 12 
  10   8   4 19 18 15 14 
   7   4   3 20 19 16 
   8   6   3 27 22 20 
  10   5   1 16 
   3   7   4 27 23 22 21 
   6   7   3 27 26 20 
   4   5   6 29 27 26 25 24 23 
   8   6   5 29 26 25 24 23 
   4   5   3 24 23 21 
   7   5   3 30 29 25 
   4   6   3 29 26 24 
   2   5   3 31 30 28 
   2   4   1 28 
   2   4   1 28 
   1   3   1 28 
   7   6   1 28 
   1   5   1 32
  10   7   1 32
   7   6   1 32
   7   9   1 32
   0   0   0 
