
  32    1
  10

   0   0  10 2 3 5 6 7 8 9 10 11 15 
   8   1   7 31 28 26 18 14 13 4 
   3   2  11 30 29 28 27 26 25 24 23 21 20 16 
   4   2   7 30 27 23 21 17 16 12 
   3   1   9 29 28 27 26 25 23 21 20 16 
   2   2   7 28 26 25 24 22 21 14 
  10   1   7 26 25 24 22 20 19 18 
   2   2   6 28 27 26 24 21 17 
   4   1   5 27 23 22 21 17 
   1   4   5 26 25 24 22 20 
  10   5   5 28 23 22 21 20 
   2   4   4 29 25 24 20 
   8   2   3 27 22 20 
   6   1   2 23 20 
   9   2   2 21 20 
   1   3   1 22 
   9   4   1 20 
   7   1   1 21 
   3   1   1 21 
   1   1   1 32
  10   1   1 32
  10   1   1 32
   5   2   1 32
   8   3   1 32
   2   1   1 32
   4   1   1 32
   1   2   1 32
   2   1   1 32
   3   5   1 32
   3   2   1 32
   4   1   1 32
   0   0   0 
