
  32    1
  10

   0   0   7 2 3 4 5 6 7 12 
   5   1   6 17 15 13 11 10 8 
   4   4   5 17 14 13 10 9 
   5  10   5 18 17 16 15 13 
   6   9   6 24 23 19 17 16 15 
   9   9   4 18 17 14 13 
   9   2   3 24 15 10 
   1   6   6 30 22 21 20 19 18 
   3   4   4 24 19 16 15 
   5   6   4 22 21 18 16 
   1   8   5 30 24 22 19 18 
   6  10   4 29 24 22 16 
   1   6   6 30 29 28 27 24 22 
   8   5   6 31 30 29 28 27 22 
   9   8   4 28 27 22 21 
   7  10   6 31 30 28 27 26 25 
   2   4   3 27 22 21 
   2   7   3 28 27 23 
   7   8   4 29 27 26 25 
   4   5   3 28 26 24 
   6   3   3 29 26 25 
   4   6   2 26 25 
   1   5   2 26 25 
   4  10   1 25 
   3   6   1 32
   2   5   1 32
   8   3   1 32
   7   7   1 32
   5   5   1 32
   3   3   1 32
   8   5   1 32
   0   0   0 
