
  32    1
  10

   0   0   5 2 3 4 9 10 
  10   3   6 18 15 12 11 6 5 
   3   5   5 18 12 8 7 6 
   1   4   5 22 17 14 13 11 
   2   6   4 17 16 14 13 
   4   7   4 24 22 16 14 
   3   2   5 31 29 24 17 16 
   2   9   4 31 22 19 13 
   1   4   4 24 22 17 14 
   6   9   4 25 23 22 16 
   1   3   4 31 29 24 16 
  10   9   3 29 23 16 
   7   7   5 30 25 24 23 20 
   3   4   4 31 25 23 20 
   2  10   4 31 22 21 20 
   4   5   2 21 19 
   2   6   2 23 20 
   2   3   2 23 22 
   7   7   1 20 
   7   6   2 27 26 
   4   9   2 30 26 
   1   6   2 27 26 
   5   9   1 28 
   2  10   1 28 
   3  10   1 29 
   5   6   1 32
   6   6   1 32
   9   3   1 32
   2   5   1 32
   3   4   1 32
  10   3   1 32
   0   0   0 
