
  32    1
  10

   0   0   9 2 3 4 8 12 15 16 17 18 
   5   2   8 31 22 11 10 9 7 6 5 
   8   6   4 30 20 19 6 
  10   3   2 27 7 
   7   2   5 25 21 20 19 13 
   7  10   6 29 28 27 26 25 14 
   1   9   5 28 25 20 19 14 
   4   8   4 27 25 20 19 
   8   8   3 26 19 14 
   7   7   2 20 14 
   2   6   3 25 24 19 
   9   9   3 25 23 21 
  10   7   3 27 24 23 
   4   4   2 24 23 
   9   6   2 30 24 
   3   5   2 27 24 
   6   2   2 25 23 
   3   4   2 24 23 
   5   9   1 23 
   7   9   1 26 
   4   8   1 24 
   8   6   1 23 
   7   4   1 32
   5   7   1 32
  10   3   1 32
   5  10   1 32
   8   4   1 32
   6   3   1 32
   1   6   1 32
   9   6   1 32
   6   7   1 32
   0   0   0 
