
  32    1
  10

   0   0   9 2 3 4 6 7 8 10 13 14 
   9   9   4 31 19 15 5 
  10   7   3 31 19 5 
   9  10   2 12 11 
  10   8   3 18 17 9 
   5   7   3 18 17 11 
   3   6   2 19 16 
   8   9   4 31 28 22 15 
   4   6   3 22 20 16 
  10   6   3 22 20 16 
   7   9   2 16 15 
   4   7   4 30 29 22 17 
   2   7   4 29 28 21 19 
  10  10   3 27 20 16 
   4  10   6 30 29 27 25 24 20 
   7   6   5 30 29 28 24 21 
   4   6   5 28 27 25 24 20 
   1   8   4 28 25 24 20 
   4  10   2 22 20 
  10  10   2 26 23 
   4  10   2 25 23 
   6   5   2 27 24 
   2  10   1 32
   1   5   1 32
   6  10   1 32
   3   8   1 32
   9  10   1 32
   4  10   1 32
   4   7   1 32
   2   6   1 32
   1   8   1 32
   0   0   0 
