
  32    1
  10

   0   0   3 2 4 6 
   6   1   3 9 5 3 
   2   4   6 19 15 14 13 11 10 
  10   2   5 19 15 13 10 7 
   4   3   4 15 13 11 8 
   5   2   4 15 12 9 8 
   7   8   3 16 14 12 
   3   7   3 19 18 16 
   4   4   2 18 13 
   5   2   2 18 16 
   6   4   1 12 
  10   5   2 18 17 
  10   4   2 20 16 
  10   3   2 18 17 
   6   3   2 21 18 
   6   5   1 17 
   3  10   4 27 25 23 21 
   7   4   1 20 
   4   3   1 20 
   3   3   5 27 25 24 23 22 
   7   2   2 24 22 
   9   5   3 31 30 26 
   8   6   3 30 29 28 
   7   4   1 26 
   1   7   1 26 
   2   2   2 29 28 
   4   4   2 30 28 
   6   4   1 32
   2   2   1 32
   7   3   1 32
   6   4   1 32
   0   0   0 
