
  32    1
  10

   0   0   8 2 3 4 5 6 7 9 14 
   7   1   5 20 17 11 10 8 
   9   1   6 31 23 18 17 11 8 
  10   1   3 20 10 8 
   6   1   5 31 20 15 12 11 
   6   1   3 17 11 10 
  10   4   4 20 19 17 12 
   1   2   3 27 13 12 
   1   2   2 23 11 
   7   3   7 31 26 25 24 23 22 21 
   1   1   3 27 19 16 
   3   2   3 30 22 16 
   1   3   2 19 16 
   7   3   6 30 27 26 25 24 21 
   4   1   5 27 26 24 22 21 
   1   2   4 26 25 24 21 
   4   2   4 26 25 24 21 
   5   2   4 30 29 25 24 
   9   1   3 30 29 24 
   2   2   2 29 23 
   3   2   2 29 28 
   1   3   2 29 28 
   4   1   2 30 28 
   9   2   1 28 
   3   2   1 28 
  10   1   1 28 
   9   3   1 29 
   2   3   1 32
   7   2   1 32
  10   3   1 32
   5   3   1 32
   0   0   0 
