
  32    1
  10

   0   0   7 2 3 4 5 6 9 12 
   1   3   5 24 19 13 8 7 
   5   7   5 16 15 13 11 10 
   9   6   3 14 11 8 
  10   7   6 23 19 18 15 14 13 
   7   7   5 24 17 15 13 10 
   5   7   4 20 17 15 10 
   2   1   3 16 15 10 
   4   8   6 31 29 23 21 20 17 
   2   4   6 31 30 23 22 21 18 
   2  10   5 30 28 24 22 19 
   9   6   4 29 23 20 18 
   8  10   5 31 29 28 27 20 
   9  10   4 30 22 21 16 
   4   5   3 29 28 21 
   2   6   5 29 28 27 26 25 
   2   8   3 30 28 22 
  10   7   4 28 27 26 25 
   5   4   4 31 29 27 26 
   6  10   2 30 22 
   8   7   3 27 26 25 
   6   3   2 26 25 
   1   9   1 25 
   8   3   1 25 
  10   5   1 32
   5   5   1 32
   3   5   1 32
   2   4   1 32
   1   3   1 32
   2   6   1 32
   4   4   1 32
   0   0   0 
