
  32    1
  10

   0   0   7 2 3 6 7 8 10 11 
   7   1   5 22 16 15 14 5 
  10   3   2 9 4 
   7   4   6 23 22 21 17 14 13 
   3   3   6 23 21 18 17 13 12 
   6   3   3 22 21 9 
   3   1   5 22 21 16 15 12 
   7   3   4 23 21 19 14 
   4   2   3 18 17 12 
   4   1   5 31 30 27 21 17 
   5   1   4 30 27 22 17 
   3   3   4 30 28 27 19 
   4   1   4 30 28 27 19 
   8   1   3 29 26 18 
   3   2   7 30 29 28 27 26 25 24 
  10   1   5 31 28 27 26 20 
   3   1   2 28 19 
   3   1   5 31 30 27 25 24 
   5   2   3 29 26 20 
   6   3   2 25 24 
   2   2   1 28 
  10   2   1 24 
   9   3   1 24 
   5   2   1 32
  10   2   1 32
   2   3   1 32
   8   2   1 32
   3   2   1 32
   8   1   1 32
   6   2   1 32
   6   2   1 32
   0   0   0 
