
  32    1
  10

   0   0   4 2 3 4 5 
   8   1   6 16 11 10 8 7 6 
   1   5   4 16 12 11 9 
   1   8   2 15 6 
   3   5   3 13 11 10 
   7   7   2 12 9 
   6   5   3 15 14 13 
   3   3   1 9 
   9   8   2 14 13 
   7   6   3 19 18 14 
   2   8   4 20 19 18 17 
   7   6   2 18 14 
   4   6   3 19 18 17 
   5   4   2 20 17 
   1   9   2 20 17 
   3   6   2 20 19 
   3   7   4 26 25 22 21 
   5   5   4 26 25 22 21 
   7   4   5 26 25 24 23 22 
   7   7   3 26 25 21 
   8   6   2 24 23 
   4   5   4 31 30 29 28 
   7   9   2 31 27 
  10   8   3 30 29 28 
   3   7   3 30 29 28 
   5   3   1 27 
   2   9   2 29 28 
   5   5   1 32
   5   6   1 32
   2   5   1 32
   5   7   1 32
   0   0   0 
