
  32    1
  10

   0   0   9 2 3 4 5 6 8 9 11 12 
   2   1   5 19 16 15 10 7 
   9   3   4 16 15 10 7 
   4   3   4 19 17 15 10 
   9   5   3 31 15 10 
   9   4   6 31 21 18 17 15 14 
   7   7   5 21 20 17 14 13 
   3   6   5 18 17 16 14 13 
   1   3   6 30 24 22 19 18 15 
   2   7   6 28 24 21 20 18 14 
   8   3   5 24 22 17 16 15 
   7   3   6 31 27 24 21 20 16 
   6   2   7 31 30 29 28 27 24 22 
   1   5   4 30 27 26 22 
   9   7   4 29 28 27 20 
   2   5   4 30 28 26 23 
   4   5   3 28 26 23 
   9   4   3 29 27 25 
  10   6   2 31 23 
   3   3   2 26 25 
   3   2   2 29 25 
  10   7   1 23 
   3   3   1 25 
   5   5   1 26 
   9   1   1 32
   9   2   1 32
   8   2   1 32
   2   5   1 32
   7   3   1 32
   4   4   1 32
   8   4   1 32
   0   0   0 
