
  32    1
  10

   0   0   5 2 3 4 5 13 
   1   1   3 12 9 7 
   4   3   2 8 6 
   2   6   2 16 7 
   6   6   1 6 
  10   6   3 12 11 10 
   8   5   3 14 11 10 
   9   7   3 16 14 10 
   3   7   2 16 10 
   8   5   3 20 17 15 
   1   3   3 20 17 15 
   3   9   3 19 16 15 
   1   7   2 19 15 
   2  10   4 26 23 21 19 
   2   8   2 21 18 
   7   7   2 20 18 
   9   6   3 26 23 19 
  10   6   3 26 23 22 
   6   7   2 25 22 
   9  10   2 25 22 
   7   6   1 22 
   6   6   2 31 24 
   6   6   2 28 25 
   9   6   4 30 29 28 27 
  10   3   3 30 29 27 
   5   4   2 28 27 
   8   7   1 32
   9   5   1 32
   6   9   1 32
   9   3   1 32
   4   6   1 32
   0   0   0 
