
  32    1
  10

   0   0   4 2 3 4 9 
   3   5   4 8 7 6 5 
   4   4   4 8 7 6 5 
   1   9   4 11 8 7 6 
   8   9   5 14 13 12 11 10 
   8   7   4 17 14 13 12 
   5   5   2 12 10 
   1  10   3 20 14 12 
   4   8   5 20 19 17 16 14 
   9   8   5 21 20 18 17 15 
   6  10   5 25 20 19 17 16 
  10  10   3 18 16 15 
   5   7   4 25 20 18 16 
   6  10   4 25 22 21 18 
   2   7   3 25 22 19 
   7   9   3 31 22 21 
   4  10   4 31 24 23 22 
   2   6   4 31 27 24 23 
   5   7   4 31 27 24 23 
   4   9   3 24 23 22 
   1   6   3 27 24 23 
   8  10   3 28 27 26 
   5   9   2 28 26 
   3   6   1 26 
   5   5   1 26 
   7  10   2 30 29 
   8   8   2 30 29 
   8   7   1 29 
   8  10   1 32
   1  10   1 32
   2   9   1 32
   0   0   0 
