
  32    1
  10

   0   0  11 2 3 4 5 6 7 8 9 10 15 31 
   4   1  12 30 29 28 27 26 24 23 20 19 16 14 13 
  10   2   8 30 28 27 26 24 17 12 11 
   4   4  10 29 26 24 23 22 21 20 19 17 16 
   7   2   9 29 26 24 23 22 20 19 18 14 
   9   3   9 27 26 25 24 23 21 20 19 16 
   5   1   7 28 24 23 20 19 16 13 
   8   1   4 27 21 13 12 
   7   1   6 26 25 24 20 19 18 
  10   4   5 22 21 20 19 18 
   2   1   4 25 21 19 16 
   4   2   3 23 22 20 
   5   1   2 22 18 
   7   1   2 25 21 
   8   1   2 21 19 
   8   3   1 18 
   8   3   1 18 
   5   2   1 32
   2   2   1 32
  10   2   1 32
   2   1   1 32
   2   2   1 32
   1   4   1 32
   6   2   1 32
   1   2   1 32
  10   3   1 32
   4   2   1 32
   5   1   1 32
   3   2   1 32
   7   1   1 32
   9   3   1 32
   0   0   0 
