
  32    1
  10

   0   0  12 2 3 4 5 6 7 8 9 11 12 16 19 
   8   1   7 30 29 25 23 15 14 13 
   1   4   6 31 29 27 18 15 13 
  10   2   7 30 26 25 23 22 21 14 
   5   3   6 27 26 25 23 15 13 
  10   1   5 27 25 24 23 13 
   3   2   3 27 23 10 
   3   1   4 29 28 23 13 
   9   1   4 28 26 23 13 
   3   2   2 24 13 
   3   1   2 28 13 
   2   2   4 25 22 21 17 
   4   2   3 22 21 17 
   9   3   2 24 17 
  10   1   2 21 20 
   4   2   2 26 20 
   8   2   1 20 
   7   1   1 23 
   4   3   1 20 
   3   3   1 32
   3   2   1 32
   6   1   1 32
   1   3   1 32
   5   1   1 32
   6   1   1 32
   5   3   1 32
   4   3   1 32
   7   1   1 32
   4   1   1 32
   3   2   1 32
   9   5   1 32
   0   0   0 
