
  32    1
  10

   0   0   4 2 3 4 11 
   7   1   4 9 8 7 6 
   2   3   3 9 8 5 
   4   4   4 14 13 10 8 
   1   2   3 16 14 13 
   5   5   2 14 12 
   7   3   2 13 12 
   8   2   2 15 12 
   6   5   1 10 
  10   4   2 16 15 
   2   6   2 16 15 
  10   4   2 19 16 
   2   7   1 15 
   5   3   1 15 
   4   6   2 19 17 
   5   4   1 17 
   7   5   3 23 20 18 
   1   3   6 31 30 29 24 22 21 
   1   4   2 23 20 
   7   3   6 31 30 29 28 26 25 
  10   3   2 28 26 
  10   2   2 28 25 
   7   7   2 28 27 
   3   4   2 28 27 
   5   7   1 27 
   7   2   1 27 
   8   2   1 32
   2   7   1 32
   6   4   1 32
   1   3   1 32
   8   5   1 32
   0   0   0 
