
  32    1
  10

   0   0  10 2 3 4 5 7 8 10 15 16 17 
   1   5   6 31 29 19 14 9 6 
   3   4   8 31 30 27 23 22 19 18 9 
   5   6   7 29 27 22 20 19 18 9 
   7  10   5 30 20 19 12 9 
   9  10   5 28 25 24 22 11 
   2  10   3 23 18 13 
   5  10   5 29 26 23 21 18 
   7   6   5 28 26 25 24 21 
  10  10   5 29 28 25 22 21 
   8  10   4 27 26 23 21 
   1  10   4 27 23 22 21 
   4   5   3 30 22 21 
   9   8   2 23 22 
   3   8   2 31 22 
  10  10   2 29 25 
   6  10   2 24 21 
   3   9   1 24 
  10  10   1 21 
   5   6   1 23 
   9   4   1 32
   2   9   1 32
   1   6   1 32
   5   9   1 32
   6   7   1 32
   6  10   1 32
   7  10   1 32
   7  10   1 32
   9   5   1 32
   4   7   1 32
   6   6   1 32
   0   0   0 
