
  32    1
  10

   0   0   4 2 3 4 11 
   8   1   7 14 10 9 8 7 6 5 
   2   4   3 10 8 6 
   9   3   2 12 10 
   4   3   2 13 12 
   4   3   3 16 15 13 
   4   1   3 16 15 13 
   4   2   2 18 12 
   6   2   2 18 12 
   4   2   2 16 13 
   6   1   3 20 18 16 
   5   2   2 16 15 
   1   1   3 20 18 17 
   3   2   2 18 16 
   4   3   2 20 17 
   7   2   1 17 
  10   2   2 21 19 
   1   2   2 23 21 
  10   1   4 26 25 23 22 
   2   3   4 26 25 23 22 
   5   3   5 31 27 26 25 24 
   4   3   4 31 29 28 24 
   1   1   3 31 28 24 
   2   1   1 30 
   5   1   1 29 
   4   1   1 29 
   3   2   1 28 
   7   3   1 32
   7   1   1 32
   8   2   1 32
   2   2   1 32
   0   0   0 
