
  32    1
  10

   0   0   4 2 3 9 10 
   9   1   3 11 5 4 
   5   3   2 6 4 
   7   3   2 12 7 
   7   2   2 13 8 
   4   3   1 8 
   9   3   4 21 15 14 13 
   5   2   3 15 14 12 
  10   1   3 15 14 12 
   2   3   3 15 13 12 
   3   3   2 15 12 
   2   1   6 22 21 20 18 17 16 
   2   1   5 22 20 18 17 16 
   8   2   3 22 17 16 
   5   3   1 16 
   5   1   2 23 19 
   6   3   2 26 19 
   8   1   2 26 19 
   5   5   3 27 25 24 
   2   1   3 28 27 24 
   7   2   2 27 25 
   3   1   2 28 24 
   2   1   3 31 29 28 
   9   1   3 31 30 29 
   7   2   2 29 28 
   6   3   2 29 28 
   5   1   2 31 29 
  10   2   1 30 
   5   3   1 32
   1   1   1 32
   6   1   1 32
   0   0   0 
