
  32    1
  10

   0   0   2 2 3 
  10   1   4 9 7 6 5 
   4   1   2 10 4 
   7   2   4 14 9 7 6 
   9   1   3 14 10 8 
   2   2   2 11 8 
   2   2   1 8 
   8   2   3 15 13 12 
   2   2   3 15 13 12 
   3   3   2 15 12 
   9   3   2 21 15 
   3   3   3 21 19 16 
   8   2   3 19 17 16 
   1   1   4 31 23 21 16 
   5   2   2 19 16 
   9   2   4 25 22 20 18 
   6   2   2 22 18 
   5   1   4 28 27 26 24 
   8   1   2 31 23 
   2   3   3 27 26 24 
   4   1   3 28 27 24 
   9   1   3 30 27 26 
   1   4   3 30 27 26 
   4   2   2 30 29 
   8   4   1 26 
   2   1   1 29 
   8   2   1 29 
   1   3   1 29 
   7   2   1 32
   3   2   1 32
  10   2   1 32
   0   0   0 
