
  32    1
  10

   0   0   4 2 3 4 8 
   3   1   4 11 10 6 5 
   2   2   3 10 7 5 
   8   6   4 15 13 10 9 
   2   2   3 15 13 9 
   3   6   3 15 13 9 
   1   4   2 13 11 
   8   6   4 19 15 14 12 
  10   5   2 19 12 
  10   7   2 19 12 
   4   7   1 12 
   1   4   5 22 21 18 17 16 
   9   4   3 20 19 14 
   5   6   3 23 21 18 
   6   4   2 22 18 
   1   5   3 24 23 20 
   1   3   3 28 25 23 
  10   2   2 25 24 
   6   2   2 25 24 
   7   1   3 28 26 25 
   5   7   3 28 26 25 
   1   5   1 23 
   1   3   2 27 26 
   5   4   2 28 26 
   6   4   3 31 30 27 
   4   2   2 31 30 
   3   5   1 29 
   4   1   1 29 
   8   5   1 32
   6   4   1 32
   7   3   1 32
   0   0   0 
