
  32    1
  10

   0   0   8 2 3 4 5 6 8 12 19 
  10   3   6 31 13 11 10 9 7 
   9  10   8 31 28 20 17 16 14 10 7 
   1   4   6 30 28 26 18 14 7 
   8   9   8 29 28 25 24 23 22 16 15 
   5   6   5 29 27 25 23 14 
   9  10   6 27 25 24 23 22 21 
  10   9   6 29 28 27 26 25 21 
   5   9   4 30 27 22 15 
   6   7   4 29 26 25 22 
   7  10   4 28 24 23 22 
   4  10   4 28 27 23 22 
   2  10   3 24 23 22 
   5   4   2 24 21 
   8   4   2 26 21 
   8   9   2 26 21 
   8  10   2 29 21 
   3   5   2 25 23 
   6   8   2 24 23 
   6   9   1 22 
   9   7   1 32
   2   7   1 32
   1   8   1 32
   7   7   1 32
  10   6   1 32
   3  10   1 32
   8  10   1 32
   2  10   1 32
   5  10   1 32
   4   9   1 32
   3  10   1 32
   0   0   0 
