
  32    1
  10

   0   0   4 2 3 4 5 
   5   1   5 14 11 9 7 6 
  10   1   3 14 9 7 
   1   2   4 14 12 10 8 
   8   1   2 11 6 
   7   2   4 15 13 12 10 
   6   1   2 12 8 
   9   3   4 19 16 15 13 
   1   1   3 15 13 12 
   1   3   5 22 21 19 18 16 
   7   3   4 20 19 18 17 
   9   3   3 18 17 16 
   4   1   3 23 20 17 
   1   6   1 15 
   1   1   3 21 20 18 
  10   1   4 26 24 23 20 
   5   1   3 24 22 21 
   5   2   3 26 25 23 
   8   4   3 26 25 24 
   5   4   2 27 25 
  10   2   2 29 26 
   3   1   2 27 25 
   9   2   3 29 28 27 
   4   1   3 29 28 27 
   6   1   3 31 29 28 
   3   2   2 28 27 
   2   2   2 31 30 
   1   4   1 30 
   2   2   1 30 
   5   1   1 32
   1   1   1 32
   0   0   0 
