
  32    1
  10

   0   0  10 2 3 4 5 7 8 10 11 12 18 
   5   2   6 19 16 15 13 9 6 
   5   7   4 22 20 16 15 
   8  10   4 31 22 15 14 
  10  10   2 19 14 
   4   8   4 31 25 22 14 
   7   7   4 31 25 22 14 
   7  10   3 25 17 14 
   6   9   2 20 14 
   7   7   3 23 22 20 
   1  10   3 31 25 14 
   5  10   3 25 22 14 
   4   6   6 31 30 25 24 23 21 
   7   9   4 30 24 23 21 
   6  10   4 30 25 23 21 
   2   9   4 30 24 23 21 
   8   3   4 31 24 23 21 
   5   7   4 29 25 23 22 
   5   8   1 20 
   8   8   6 31 30 29 28 27 25 
  10  10   4 29 28 27 26 
   2  10   3 28 27 24 
   1  10   2 28 27 
   4   8   1 26 
   4  10   1 26 
   4  10   1 32
   8   3   1 32
   7   8   1 32
   6   7   1 32
   6   5   1 32
   5   9   1 32
   0   0   0 
