
  32    1
  10

   0   0  14 2 3 4 5 6 7 8 9 10 12 13 14 16 20 
  10   1   6 31 28 27 24 23 11 
   1   1   6 30 28 25 23 19 17 
   9   2   6 28 25 23 22 21 17 
   8   2   6 30 27 23 22 21 17 
   5   2   6 29 25 23 22 21 17 
   8   1   7 28 26 25 24 23 22 21 
   2   3   5 30 27 23 21 17 
   7   2   5 25 23 22 21 17 
   5   4   4 25 23 19 15 
   1   4   4 29 26 22 18 
   3   1   5 29 27 24 22 21 
   4   1   3 27 22 18 
  10   2   4 27 24 22 21 
   9   2   3 27 22 21 
   9   1   3 27 23 22 
   4   2   2 26 24 
   4   3   2 25 21 
   6   3   2 22 21 
   6   2   2 23 21 
   1   3   1 32
   5   1   1 32
   5   1   1 32
   2   2   1 32
   4   3   1 32
   5   1   1 32
   1   2   1 32
   4   1   1 32
   9   2   1 32
  10   2   1 32
   8   3   1 32
   0   0   0 
