
  32    1
  10

   0   0   5 2 3 6 7 8 
   4   2   5 16 15 12 11 5 
   2   5   4 13 12 11 4 
   5   8   5 21 19 17 14 10 
   9  10   5 26 21 17 13 9 
   5  10   5 20 17 16 12 11 
   2   3   6 26 22 20 18 17 14 
   3   6   5 26 22 20 14 12 
   9   9   5 22 20 19 18 14 
   6   4   3 26 20 16 
   6   4   4 30 23 22 21 
  10   6   4 30 25 24 18 
   5  10   4 30 25 23 20 
   2   4   5 31 29 25 24 23 
   9   5   4 30 28 25 20 
   2  10   2 22 18 
   8   6   4 30 29 27 23 
   5  10   3 29 27 23 
   7   6   3 30 28 25 
   7   6   2 29 24 
   8   7   2 25 24 
   9   5   2 29 28 
   5   4   1 28 
   8   5   1 27 
   3   3   1 27 
   9   7   1 27 
   3   6   1 32
   9   3   1 32
   7   4   1 32
   6   7   1 32
   9   5   1 32
   0   0   0 
