
  32    1
  10

   0   0  10 2 3 4 6 7 8 9 11 16 17 
   2   1   6 22 15 14 12 10 5 
   6   1   8 31 30 27 25 23 21 19 12 
   4   3   5 31 21 19 14 13 
   1   2   8 30 28 27 26 25 20 19 18 
   1   1   6 29 27 26 25 24 20 
   2   2   2 23 10 
  10   1   5 30 27 25 23 21 
  10   3   5 28 27 26 25 18 
   8   1   4 29 28 26 19 
   1   3   4 28 25 24 18 
   3   3   3 29 28 24 
   3   6   3 27 25 23 
   2   2   2 20 18 
  10   1   2 24 18 
  10   1   2 27 23 
   5   2   2 25 23 
   9   4   1 23 
   3   1   1 24 
  10   3   1 23 
   9   1   1 26 
   1   2   1 23 
  10   1   1 32
   5   1   1 32
  10   3   1 32
   9   2   1 32
   6   2   1 32
   4   3   1 32
   6   2   1 32
   6   1   1 32
   9   1   1 32
   0   0   0 
