
  32    1
  10

   0   0   4 2 3 4 5 
   3   2   3 14 7 6 
   1   6   3 14 13 6 
   2   5   2 14 6 
   3   7   4 14 13 12 10 
   3   9   3 15 12 9 
   3   9   3 13 10 8 
  10   5   2 15 11 
   5   7   1 10 
   4   3   1 11 
   6  10   5 20 19 18 17 16 
   6   5   5 20 19 18 17 16 
   6   2   5 20 19 18 17 16 
   4   9   2 16 15 
   1   5   4 23 19 18 17 
  10   5   6 31 25 24 23 22 21 
   3   4   4 31 25 22 21 
   3   4   3 31 25 21 
   7   5   3 31 25 21 
   2   4   2 31 21 
   9   4   5 30 29 28 27 26 
   9   6   3 28 27 26 
  10   8   3 28 27 26 
   1   7   3 29 27 26 
   7   7   2 27 26 
   6   7   1 32
   5   6   1 32
   7  10   1 32
   3   6   1 32
   2   9   1 32
   3   4   1 32
   0   0   0 
