
  32    1
  10

   0   0   4 2 4 5 12 
   9   1   3 10 7 3 
   2   2   4 15 9 8 6 
  10   2   4 15 9 7 6 
   8   2   2 9 8 
   4   1   3 17 13 11 
   4   2   3 17 13 11 
  10   1   3 17 14 13 
   4   2   3 17 16 14 
   3   4   1 11 
  10   1   2 16 14 
   7   1   1 13 
   2   4   3 20 18 16 
   3   2   4 25 24 20 18 
   9   2   2 18 17 
  10   2   3 25 24 19 
   3   3   2 24 19 
   4   2   1 19 
   4   1   3 23 22 21 
   7   2   1 21 
   6   1   3 30 29 26 
   8   1   3 31 29 26 
   7   2   4 30 29 28 27 
   4   4   3 29 28 27 
   1   2   1 26 
  10   1   2 28 27 
   3   1   1 32
   2   1   1 32
   4   5   1 32
   6   2   1 32
   7   3   1 32
   0   0   0 
