
  32    1
  10

   0   0   3 2 3 4 
  10   1   4 15 10 6 5 
   4   2   3 15 6 5 
   4   2   2 15 5 
   9   1   3 12 9 7 
   9   1   2 9 7 
   6   2   1 8 
   8   1   3 18 14 11 
   6   2   2 14 11 
   6   1   2 18 11 
   7   1   3 17 16 13 
   9   1   3 21 17 14 
   4   2   4 24 21 20 19 
   5   1   4 25 24 20 19 
   4   3   1 16 
   1   3   4 31 25 24 20 
   3   4   4 31 25 24 20 
   8   1   4 25 24 23 21 
   4   4   3 31 23 22 
   1   1   2 23 22 
   6   1   2 27 22 
   6   4   4 30 29 28 26 
  10   1   2 27 26 
   8   4   1 26 
   7   1   1 26 
   1   5   1 32
   7   1   1 32
   8   2   1 32
   2   2   1 32
   2   1   1 32
   8   4   1 32
   0   0   0 
