
  32    1
  10

   0   0   7 2 3 4 5 6 7 14 
   7   1   6 18 16 13 10 9 8 
   3   6   7 21 18 16 13 12 11 10 
   8   5   5 17 16 13 11 9 
   5   8   5 17 16 11 10 9 
   7   8   6 24 21 19 18 16 12 
   9   8   5 21 20 17 16 11 
  10   7   4 24 23 17 12 
  10   5   3 24 23 12 
  10   8   7 31 30 27 23 22 20 19 
   4   4   6 31 29 24 23 19 15 
   1   7   4 31 30 20 15 
   5   5   6 31 30 29 28 23 22 
   3   8   2 19 16 
   3   5   4 28 27 25 22 
   1   6   3 27 23 22 
   9   6   3 30 27 19 
  10   7   3 27 26 23 
   7   6   2 28 25 
  10   6   2 29 26 
   8   5   1 22 
   7   5   1 26 
   8   4   1 25 
  10   9   1 25 
   2   2   1 32
   2   4   1 32
   8   6   1 32
   9   6   1 32
   6   8   1 32
   8   6   1 32
  10   9   1 32
   0   0   0 
