
  32    1
  10

   0   0   4 2 3 5 6 
   3   5   4 12 9 8 7 
   6   7   2 9 4 
   2  10   3 13 10 8 
   5   6   3 13 12 8 
   9   6   2 10 8 
   9  10   3 15 13 10 
   6   7   4 17 15 14 11 
   3   7   4 20 19 17 14 
   7  10   3 20 17 14 
   7   5   5 23 20 19 18 16 
   8   9   2 20 14 
   1  10   3 25 23 19 
  10   7   2 18 16 
   7  10   2 18 16 
   5   7   4 27 25 22 21 
   6  10   4 25 24 23 22 
   5   6   3 27 25 21 
   8  10   3 27 22 21 
   9  10   4 27 26 25 24 
  10   9   2 26 24 
   9   5   2 31 26 
   5  10   2 28 27 
   3  10   3 31 29 28 
   9  10   3 31 30 29 
   9   8   2 29 28 
  10  10   2 31 29 
   6   6   1 30 
   7   5   1 32
   8   5   1 32
   4  10   1 32
   0   0   0 
