
  32    1
  10

   0   0   9 2 3 4 5 6 7 8 11 12 
   5   3   4 18 15 10 9 
   3   6   5 21 18 15 13 10 
   9   3   2 18 9 
   8   2   7 31 23 20 19 18 17 16 
   6  10   7 31 29 21 20 19 18 13 
   8   6   5 31 19 17 16 15 
   2   7   4 19 18 15 14 
   2   3   4 31 20 16 13 
   5   6   6 31 29 23 22 20 19 
   6   8   5 29 28 21 20 17 
   5   8   6 29 27 25 23 22 21 
   7   7   3 30 23 17 
   7   5   6 31 29 27 25 22 21 
   2   5   3 24 23 20 
   9  10   4 29 27 22 21 
   8  10   4 27 26 25 22 
   9   3   4 28 26 25 22 
   7   5   4 28 26 25 24 
   8   4   3 30 27 25 
   6   5   2 26 24 
   6   3   1 24 
  10   7   1 28 
   2   8   1 32
   9  10   1 32
  10   3   1 32
   7   7   1 32
   8   7   1 32
   9   7   1 32
   7   6   1 32
   2   6   1 32
   0   0   0 
