
  32    1
  10

   0   0  12 2 3 4 5 6 7 8 9 10 12 13 31 
   2   2   9 30 28 21 20 19 18 17 15 14 
   6   7   6 30 29 25 18 15 11 
  10  10   8 29 28 25 24 23 17 16 15 
   2  10   8 30 29 25 24 23 17 16 15 
  10   5   6 28 26 25 24 16 14 
   3  10   6 29 28 26 17 16 14 
   5  10   5 29 22 21 19 18 
   6  10   5 29 28 25 22 20 
   3  10   5 27 26 25 23 17 
  10  10   4 27 24 16 14 
   3   8   3 28 24 22 
  10   3   3 26 24 22 
   8  10   2 23 22 
   4  10   2 27 26 
   7  10   1 22 
   1   8   1 22 
   4   8   1 27 
   2   7   1 25 
   4   9   1 24 
   8   7   1 23 
   7   8   1 32
   5  10   1 32
   6   8   1 32
   7  10   1 32
   2   6   1 32
   4   2   1 32
   3  10   1 32
   6   6   1 32
   6   7   1 32
   3   9   1 32
   0   0   0 
