
  32    1
  10

   0   0   5 2 3 4 5 7 
   3   1   6 18 16 11 10 9 6 
   8   1   3 16 8 6 
   5   3   8 22 18 17 16 14 13 11 9 
   8   2   2 9 6 
  10   1   5 22 17 14 13 12 
   8   1   5 30 23 15 13 12 
   5   3   4 30 14 13 9 
   4   2   4 31 21 19 15 
   5   1   4 29 22 20 17 
   9   3   6 30 29 26 25 21 20 
   7   1   6 31 29 28 26 25 21 
   4   2   4 29 28 27 19 
   6   1   3 27 20 19 
   7   3   4 29 26 25 20 
   1   2   5 29 27 26 25 24 
   7   3   4 30 26 24 23 
   5   1   4 27 26 25 24 
  10   2   3 26 25 24 
   7   2   2 28 24 
   8   5   2 27 24 
   3   2   2 28 27 
   5   3   1 25 
   6   1   1 32
   4   1   1 32
   5   4   1 32
   4   1   1 32
   2   2   1 32
   4   1   1 32
   3   1   1 32
   6   4   1 32
   0   0   0 
