
  32    1
  10

   0   0  11 2 3 4 5 6 7 8 10 11 15 20 
   8   1   5 31 29 16 13 12 
   6   1   5 29 22 19 18 9 
   2   2   6 28 27 24 23 16 14 
  10   3   6 30 29 28 27 23 14 
   7   4   7 29 27 25 24 22 21 17 
   9   1   4 28 24 19 14 
   8   1   6 29 28 27 24 22 18 
   3   4   6 31 26 25 24 23 21 
   3   2   6 31 25 24 23 22 21 
   7   1   5 25 24 22 21 17 
   7   1   5 28 27 26 25 21 
   4   4   4 25 24 22 17 
   1   2   3 26 22 21 
   3   1   3 27 23 21 
   8   1   2 30 21 
   8   2   1 23 
   3   3   1 26 
   2   2   1 25 
   7   1   1 30 
   1   4   1 32
   4   2   1 32
   4   1   1 32
   2   1   1 32
   9   2   1 32
   5   1   1 32
   9   2   1 32
   5   2   1 32
   2   2   1 32
   1   3   1 32
  10   3   1 32
   0   0   0 
