
  32    1
  10

   0   0   5 2 3 4 7 8 
   2   1   6 22 17 16 10 9 6 
   3   1   2 22 5 
  10   1   7 22 19 17 16 13 10 9 
   7   2   6 19 16 15 14 13 9 
   5   3   4 18 14 13 12 
   5   3   5 20 19 15 13 11 
   9   4   7 24 22 21 20 19 18 15 
   7   3   5 31 29 25 24 18 
   4   1   5 31 29 24 20 18 
   9   2   3 24 18 16 
   6   3   2 19 15 
   3   1   6 30 29 28 25 24 23 
   8   1   5 28 24 23 21 20 
   7   4   5 31 29 28 26 25 
   4   2   5 31 29 28 27 23 
   8   2   4 29 28 25 23 
   6   3   4 30 28 27 23 
   6   2   3 31 30 29 
   6   2   2 30 26 
   9   1   2 27 26 
   3   1   1 23 
   3   1   1 26 
   7   2   1 27 
  10   2   1 27 
   6   2   1 32
  10   3   1 32
   2   2   1 32
   6   1   1 32
   2   2   1 32
   2   2   1 32
   0   0   0 
