
  32    1
  10

   0   0  12 2 3 4 5 6 7 9 10 12 13 17 31 
   3   3   6 27 26 21 20 15 11 
   4   6   4 20 19 14 8 
   5  10   4 30 21 18 8 
   5   7   8 30 29 28 27 26 24 22 15 
   3  10   6 29 28 27 18 16 15 
   5   9   7 30 28 27 26 24 19 15 
   4  10   6 29 28 27 26 24 15 
   4   9   4 27 26 24 18 
   2   4   4 29 27 26 24 
   1  10   3 29 28 19 
   3   6   2 28 15 
   9   9   2 20 18 
   3   9   3 28 26 25 
   5   7   2 25 23 
   1   6   2 26 24 
   7   4   2 27 23 
  10  10   1 23 
   9  10   1 23 
  10   7   1 24 
   5   9   1 25 
   1   8   1 25 
   8  10   1 32
   8  10   1 32
   6   6   1 32
  10  10   1 32
   8   9   1 32
   2   7   1 32
   7   6   1 32
   3   9   1 32
   2  10   1 32
   0   0   0 
