
  32    1
  10

   0   0   5 2 3 4 6 8 
   8   1   7 20 13 12 11 10 9 5 
   1   6   5 31 21 19 10 9 
   1   3   4 31 21 9 7 
   4   3   7 31 30 21 17 16 15 14 
  10   3   4 31 21 14 9 
   5   4   6 30 23 19 17 16 15 
   9   5   5 31 30 17 16 14 
   6   4   4 30 23 16 15 
   9   4   4 30 23 17 15 
   7   4   5 29 23 19 18 17 
   1   3   5 28 23 22 21 18 
   9   7   4 29 23 18 17 
   9   4   5 29 28 23 22 18 
   2   3   4 29 28 22 18 
   2   2   6 29 28 27 26 25 24 
   9   5   5 28 27 26 24 22 
   4   5   3 27 26 24 
   5   6   3 28 25 24 
  10   4   3 31 27 26 
   5   5   2 29 25 
   3   4   1 25 
   8   6   1 24 
   2   2   1 32
   4   3   1 32
   6   4   1 32
   4   2   1 32
   4   3   1 32
  10   8   1 32
   3   3   1 32
   4   4   1 32
   0   0   0 
