
  32    1
  10

   0   0   9 2 3 4 5 6 8 9 13 17 
  10   6   6 28 27 26 16 12 7 
   5   6  10 31 30 27 26 25 23 21 19 18 14 
   1   8   6 29 26 23 18 14 11 
   2   8   4 25 24 12 10 
   9   7   8 30 29 23 21 20 19 18 14 
   8  10   6 25 23 21 18 15 14 
   9   3   6 27 26 25 23 21 12 
   2  10   4 22 21 18 15 
   9   9   5 28 23 22 21 19 
   9   8   4 25 21 20 19 
   4   6   3 20 19 18 
   7  10   3 26 24 18 
   3  10   2 24 22 
   2   9   2 20 19 
   1   9   2 20 18 
   8  10   1 18 
   7  10   1 32
   6  10   1 32
   1  10   1 32
   1   6   1 32
   6  10   1 32
   4   4   1 32
  10   6   1 32
   4  10   1 32
   9   5   1 32
   7   9   1 32
   5   8   1 32
   9   8   1 32
   7   5   1 32
   5  10   1 32
   0   0   0 
