
  32    1
  10

   0   0  12 2 3 4 5 6 7 8 9 10 11 13 31 
   1   5   8 30 28 26 25 24 18 15 14 
   7   5   8 29 27 26 24 19 18 16 15 
   7   6   7 28 27 26 25 22 15 14 
   3   7   8 30 27 26 24 23 21 20 18 
   8   6   7 27 25 23 22 21 19 17 
  10   9   3 23 18 12 
   9  10   7 28 27 24 23 22 21 20 
   6  10   6 28 27 26 22 21 17 
   8   5   6 29 28 25 24 21 20 
   9   6   5 26 24 23 21 17 
   3  10   5 25 24 22 21 20 
   8   9   4 25 24 21 18 
   1   4   3 23 21 17 
   3  10   2 21 20 
   2   7   2 23 20 
   7  10   1 20 
   3  10   1 22 
   3  10   1 20 
   8  10   1 32
   7   9   1 32
  10  10   1 32
   7   7   1 32
   7   8   1 32
   9   9   1 32
   3   7   1 32
   7   8   1 32
   4  10   1 32
   9   9   1 32
   6   9   1 32
   8   5   1 32
   0   0   0 
