
  32    1
  10

   0   0  11 2 3 5 6 7 8 11 12 14 17 22 
   1   9   4 29 18 16 4 
   4   6   6 31 30 21 18 13 10 
   1  10   5 31 28 19 15 9 
   9   9   5 29 26 24 18 16 
   5  10   4 26 20 18 15 
  10   9   6 29 28 25 24 23 18 
   1   7   5 27 26 23 20 19 
   6   9   3 27 23 13 
   3  10   5 29 28 26 24 23 
   8   6   5 29 28 25 24 23 
   6  10   4 29 25 24 23 
  10   5   3 26 25 24 
   1   7   3 28 26 25 
   8   9   2 30 23 
   1   5   2 28 23 
   2  10   2 27 23 
   3   8   1 27 
   2   7   1 24 
  10  10   1 25 
  10   7   1 23 
   8   8   1 23 
   6   6   1 32
   6  10   1 32
   9   8   1 32
   8   9   1 32
   9   5   1 32
   4   6   1 32
   6   8   1 32
   3  10   1 32
   4   7   1 32
   0   0   0 
