
  32    1
  10

   0   0   5 2 3 4 9 11 
   8   1   4 15 12 7 5 
   1   1   6 19 18 17 14 10 6 
   9   2   4 15 13 10 8 
   3   2   5 19 18 14 10 6 
   2   2   4 31 23 16 13 
   7   1   4 31 23 16 13 
   8   4   6 29 23 20 18 17 16 
   2   2   4 21 20 17 15 
  10   2   5 29 22 21 20 16 
   7   2   5 30 28 24 21 15 
   8   3   5 29 24 22 17 16 
   3   1   4 29 22 21 20 
   4   2   4 31 27 24 22 
   1   5   3 29 27 19 
   1   3   5 30 28 27 26 25 
  10   2   5 30 28 27 26 25 
  10   2   2 27 21 
   5   1   3 31 26 25 
   2   1   2 28 24 
   9   1   2 26 25 
   2   1   2 28 25 
   9   1   2 27 25 
   1   1   1 26 
   9   1   1 32
   7   3   1 32
   1   1   1 32
   7   5   1 32
   3   3   1 32
   4   2   1 32
   1   2   1 32
   0   0   0 
