
  32    1
  10

   0   0   4 2 3 4 6 
  10   1   4 15 12 8 5 
   9   2   6 16 15 12 11 9 8 
   6   2   4 16 12 9 7 
   4   2   5 17 16 11 10 9 
   4   2   5 17 16 15 13 10 
   1   4   3 17 11 10 
   7   2   2 17 10 
   5   1   2 18 13 
   9   1   2 18 14 
   4   2   2 18 14 
   6   3   2 17 14 
   7   3   1 14 
   8   3   3 22 20 19 
   2   1   3 22 20 19 
   9   3   2 20 19 
   8   2   2 22 21 
   9   1   1 19 
   3   2   1 21 
   1   1   1 21 
   4   2   4 31 26 24 23 
   3   4   5 31 30 29 28 25 
   1   1   3 30 28 27 
   3   3   2 29 25 
   7   1   1 27 
   4   3   1 28 
   4   1   1 32
   1   4   1 32
   4   1   1 32
   8   1   1 32
   5   1   1 32
   0   0   0 
