
  32    1
  10

   0   0   9 2 3 4 5 7 10 11 17 23 
   6   6   8 27 22 20 18 16 15 13 8 
   4   8   7 28 20 19 18 15 12 9 
   6   6   6 21 19 18 14 12 6 
  10  10   4 28 19 12 9 
  10  10   6 30 29 28 27 25 13 
  10   6   6 31 28 27 26 18 14 
   5   9   4 31 30 29 14 
   3   9   5 29 27 26 25 24 
   5   8   2 27 12 
   3   8   2 27 18 
  10   9   1 13 
   6   9   2 26 24 
   6   9   2 25 24 
   5   7   2 30 24 
   7   4   2 29 28 
   1   7   2 26 24 
   1   8   1 25 
   3   9   1 25 
   3   6   1 24 
   8  10   1 28 
   5   5   1 24 
   3  10   1 24 
   1  10   1 32
   9  10   1 32
   5   7   1 32
   6  10   1 32
   2   8   1 32
   8   5   1 32
   6  10   1 32
   7   7   1 32
   0   0   0 
