
  32    1
  10

   0   0   8 2 3 4 5 7 11 13 16 
   7   1   4 14 10 8 6 
   3   2   3 17 14 6 
   7   6   5 26 22 15 14 8 
   2   4   4 26 15 10 8 
   1   4   4 26 15 12 9 
   8   4   5 31 22 18 15 12 
   8   9   5 31 25 18 17 12 
   4   2   9 31 30 25 24 22 21 20 19 18 
   1   9   8 31 30 25 23 22 21 20 19 
   1   4   4 31 20 19 15 
   2   5   6 30 24 23 21 20 19 
   6   3   2 25 14 
   2   4   5 30 29 24 23 19 
   2   3   4 29 25 24 23 
   9   5   3 24 19 18 
   9   4   4 30 29 28 24 
   8   3   2 27 23 
   1   5   2 28 27 
   1   3   2 29 28 
   9   2   2 28 27 
  10   4   2 28 27 
   8   6   1 28 
   5   3   1 27 
   7   4   1 27 
   3   4   1 27 
   1   3   1 32
   5   5   1 32
   5   4   1 32
   5   2   1 32
   2   3   1 32
   0   0   0 
