
  32    1
  10

   0   0   9 2 3 4 5 6 7 9 10 12 
   9   1   6 22 20 18 15 14 11 
   5   3   6 22 20 18 16 15 14 
   8   4   4 20 17 15 8 
  10   2   6 24 22 20 19 18 14 
   2   3   4 20 17 15 13 
   5   1   5 24 22 20 19 14 
   3   1   6 31 30 29 22 21 16 
   9   2   6 31 29 24 22 19 18 
   4   1   4 24 20 19 14 
   7   4   3 30 17 16 
   9   1   3 29 20 16 
   2   2   7 31 30 29 28 24 22 21 
   7   2   6 31 30 29 28 27 21 
   4   2   6 31 29 28 27 26 24 
   9   2   3 27 24 19 
   5   2   5 29 28 27 25 23 
   5   1   3 30 27 21 
   3   1   3 28 25 23 
   7   4   3 30 27 25 
   8   3   2 25 23 
   1   1   2 26 25 
   8   1   1 26 
   5   2   1 25 
   8   1   1 32
   9   1   1 32
   3   2   1 32
   4   2   1 32
   8   3   1 32
   1   1   1 32
   9   4   1 32
   0   0   0 
