
  32    1
  10

   0   0   7 2 3 4 6 7 11 14 
   4   5   5 15 13 10 8 5 
   8   3   4 15 13 12 8 
   6  10   6 23 21 19 17 12 9 
   7   5   7 31 23 22 21 19 17 12 
   4   8   6 31 23 22 19 17 12 
   1   5   8 31 30 23 22 19 18 17 16 
   6   8   7 31 28 23 21 20 19 18 
  10  10   6 31 30 22 20 18 16 
   3   6   7 31 29 28 23 20 19 18 
   9   7   6 30 28 22 20 19 18 
   7  10   5 30 29 20 18 16 
   8  10   5 30 28 22 20 18 
   2   9   4 31 28 20 18 
   2   8   3 29 28 18 
   6  10   5 28 27 26 25 24 
   4  10   2 26 20 
   2   7   4 27 26 25 24 
   2  10   4 27 26 25 24 
   3   8   3 27 25 24 
   4   7   3 30 29 26 
   7  10   2 29 24 
   2  10   2 25 24 
   8  10   1 32
   3  10   1 32
   5   4   1 32
  10   3   1 32
   1  10   1 32
   1   8   1 32
  10  10   1 32
  10   9   1 32
   0   0   0 
