
  32    1
  10

   0   0   8 2 3 4 5 7 8 9 13 
   5   6   4 17 12 11 6 
   9   7   6 20 17 15 14 12 10 
   1   6   5 20 18 14 12 10 
   1  10   5 23 20 18 16 12 
   6  10   3 20 19 10 
   5  10   2 17 10 
  10   6   6 31 23 22 19 18 16 
   1   7   5 31 23 22 19 15 
   9   4   6 31 29 23 22 21 16 
   3   9   4 21 19 18 14 
   9   9   6 31 30 27 22 21 19 
   7   6   5 31 29 21 20 18 
   5  10   7 31 30 29 28 26 25 24 
   8  10   5 30 29 27 25 21 
   9   9   6 30 28 27 26 25 24 
   4  10   2 29 18 
   6  10   4 27 26 25 24 
   8   8   4 29 26 25 24 
   9  10   3 28 27 26 
   6  10   2 28 24 
   1   1   1 24 
   6   8   1 25 
   6  10   1 32
   7  10   1 32
  10   6   1 32
   8   6   1 32
   6   6   1 32
   9   7   1 32
   1   9   1 32
   7  10   1 32
   0   0   0 
