
  32    1
  10

   0   0   4 2 3 5 8 
  10   1   3 10 7 4 
   5   2   5 17 14 10 9 6 
   3   3   4 17 14 9 6 
   2   3   4 17 14 9 6 
   7   1   4 18 15 13 11 
   2   1   4 16 15 13 12 
   2   2   1 10 
   6   1   4 20 16 15 12 
   3   3   3 16 13 12 
  10   3   3 22 20 16 
   1   2   2 19 18 
   1   2   4 23 22 21 20 
   2   4   3 25 22 19 
   3   1   4 25 23 22 21 
   4   1   2 25 19 
   4   3   2 23 18 
   8   1   3 25 24 22 
   4   1   2 23 21 
   2   2   2 25 24 
   8   3   2 27 24 
   5   3   3 31 27 26 
   1   1   1 24 
   5   2   3 31 28 26 
   6   1   1 27 
   5   2   2 30 29 
   7   2   1 28 
   9   3   1 29 
   5   3   1 32
   2   1   1 32
   4   2   1 32
   0   0   0 
