
  32    1
  10

   0   0   5 2 3 5 6 10 
   6   1   3 12 8 4 
  10   3   3 16 9 7 
   3   4   2 15 7 
   8   6   9 31 29 22 20 19 18 17 15 14 
   7   7   4 20 18 14 11 
   9   6   6 31 29 19 18 17 13 
   3   7   8 31 29 22 21 20 19 18 14 
   3   7   7 31 29 19 18 17 15 14 
   6   3   6 31 30 29 17 15 13 
   7   9   7 31 30 29 22 21 19 17 
   9   8   7 31 29 28 26 24 23 21 
   2   7   5 27 26 22 21 20 
  10   6   7 30 28 27 26 25 24 23 
   9   4   4 28 24 23 21 
   2  10   4 29 27 24 22 
   2  10   4 28 26 24 23 
   8   5   4 30 26 25 23 
  10   5   3 27 24 23 
   8   4   2 25 24 
   1   9   1 25 
  10   6   1 23 
   2   4   1 32
   6   8   1 32
   5   7   1 32
   4   6   1 32
   6   5   1 32
   4   4   1 32
   8   4   1 32
   5   8   1 32
   4   7   1 32
   0   0   0 
