
  32    1
  10

   0   0   9 2 3 4 5 6 7 8 14 15 
   5   4  11 31 30 28 27 26 19 18 16 11 10 9 
   6   7   8 27 26 19 13 12 11 10 9 
   6  10   5 27 26 19 16 11 
  10   7   8 30 27 25 24 23 21 18 17 
   2   9   7 30 24 23 22 21 18 17 
   2   5   4 28 27 18 16 
   9  10   6 28 26 25 24 22 21 
   9  10   4 29 23 21 20 
  10   6   4 24 22 21 20 
   7   7   3 25 21 17 
   9   5   3 29 28 17 
   5  10   3 23 21 18 
   8  10   3 26 23 20 
   6   5   2 23 19 
   7   8   2 22 21 
   4  10   1 20 
   4   9   1 20 
   6  10   1 22 
   7  10   1 32
   6   9   1 32
   3  10   1 32
   1   7   1 32
   2   9   1 32
   5   9   1 32
   6   7   1 32
   7   7   1 32
   6  10   1 32
   7   7   1 32
   4   4   1 32
   2   9   1 32
   0   0   0 
