
  32    1
  10

   0   0  10 2 3 4 5 6 7 9 10 11 12 
   1   2  10 31 28 25 19 18 16 15 14 13 8 
   9   3  10 31 28 25 20 18 17 16 14 13 8 
   1   7   9 29 28 25 24 23 22 19 16 13 
   2   7   8 31 29 28 26 25 21 20 17 
   3   9   6 30 28 26 22 21 17 
   6   5   4 24 18 16 14 
   3   6   6 29 27 24 23 22 21 
   3   6   5 25 24 22 21 17 
   8   5   5 27 26 25 24 21 
   2   5   4 25 23 19 16 
   9   4   2 24 16 
   7   7   2 27 26 
   8   4   2 22 21 
  10   6   2 23 21 
   9   7   1 21 
   3   6   1 23 
   6   6   1 30 
  10   5   1 21 
   1  10   1 22 
   7   4   1 32
   6   4   1 32
   6   5   1 32
   3   6   1 32
   3   8   1 32
  10  10   1 32
   6   8   1 32
   1  10   1 32
   7   5   1 32
   9   4   1 32
   1   6   1 32
   0   0   0 
