
  32    1
  10

   0   0  11 2 3 4 5 6 7 8 9 12 14 15 
   7   3   9 31 30 27 20 19 18 17 16 11 
   8   8   6 30 29 24 17 16 10 
   5   9   8 29 26 24 23 21 20 18 16 
   8   8   6 30 26 24 19 18 13 
   2   7   6 28 26 24 22 19 13 
   8   7   5 26 24 18 17 13 
   1   8   7 31 27 26 25 24 23 18 
   9   8   5 29 27 24 23 22 
   2   7   4 28 26 23 18 
  10   7   4 28 26 24 22 
   6   7   4 27 25 24 22 
  10   9   3 27 25 23 
   5   5   3 28 24 22 
   5  10   3 24 23 22 
   2  10   2 25 22 
   3  10   2 23 22 
   2  10   1 22 
   2  10   1 23 
   9  10   1 22 
   8  10   1 22 
   6   6   1 32
   7  10   1 32
   4   7   1 32
   1   5   1 32
   2   9   1 32
   7   8   1 32
   6  10   1 32
   6   6   1 32
   3   7   1 32
   3   9   1 32
   0   0   0 
