
  32    1
  10

   0   0   4 2 3 4 6 
   4   1   4 13 11 8 7 
  10  10   4 19 13 11 5 
   4   3   4 19 13 11 9 
   6   5   3 15 10 9 
   8   3   2 11 9 
   7   4   2 19 9 
   8   4   2 19 12 
   2   6   1 12 
   2   5   1 12 
   4   4   4 18 17 16 15 
  10   4   2 17 14 
   8   2   2 17 14 
   2   3   3 21 18 16 
   6   2   4 27 26 21 20 
  10   9   4 27 26 22 20 
   3   2   3 27 21 20 
   8   5   2 22 20 
   9   3   3 27 23 22 
   4   4   2 25 23 
   4   2   2 25 22 
   9   3   2 31 24 
   1   2   2 31 24 
   3   7   3 30 29 28 
   3   3   2 31 28 
   9   1   2 30 29 
  10   2   1 28 
   8   6   1 32
   5   6   1 32
   7   5   1 32
   8   4   1 32
   0   0   0 
