
  32    1
  10

   0   0   5 2 3 6 7 9 
   8   1   3 13 8 4 
   3   3   3 13 10 5 
   8   6   4 15 12 11 10 
   9   7   2 11 8 
   4   1   3 15 12 10 
   5   4   1 8 
   7   4   3 19 15 12 
   9   4   5 19 18 16 15 14 
   8   6   4 19 18 16 14 
  10   4   4 19 18 17 16 
   3   2   3 18 16 14 
   5   2   3 22 20 18 
   5   8   2 22 17 
   3   1   2 21 17 
   5   3   3 24 22 21 
   1   1   3 24 23 20 
   4   3   3 24 23 21 
   5   5   2 23 21 
   2   3   3 31 26 25 
   6   7   2 26 25 
   8   3   2 25 23 
   1   6   3 31 29 27 
   6   5   2 27 26 
   4   3   2 29 27 
   1   7   2 30 28 
   8   6   1 28 
   8   5   1 32
   2   4   1 32
   4   4   1 32
   8   2   1 32
   0   0   0 
