
  32    1
  10

   0   0  10 2 3 4 5 8 9 10 12 14 31 
   9   1   9 30 29 27 26 18 16 15 13 11 
   3   1   4 28 17 15 6 
  10   3   5 30 25 20 15 7 
   4   3   4 29 25 15 7 
   5   4   6 27 26 21 18 13 11 
  10   3   5 28 24 19 16 13 
   4   1   4 27 21 13 11 
   1   2   5 25 24 23 22 20 
   8   1   4 24 22 21 17 
   1   1   4 25 24 23 22 
   5   1   3 26 21 17 
   6   2   2 23 22 
   9   1   2 24 21 
  10   2   1 22 
   4   2   1 21 
   3   1   1 23 
   7   2   1 22 
   1   4   1 21 
   4   2   1 21 
   4   1   1 32
   6   3   1 32
   4   2   1 32
   5   2   1 32
   1   3   1 32
   1   2   1 32
   2   2   1 32
   1   3   1 32
   9   1   1 32
   5   1   1 32
   6   3   1 32
   0   0   0 
