
  32    1
  10

   0   0   3 2 4 5 
   7   6   2 7 3 
   7   5   4 10 9 8 6 
   5  10   4 11 10 9 8 
   6  10   4 15 11 10 9 
   8  10   4 17 15 12 11 
   9   7   4 17 15 12 11 
   1   9   4 16 14 13 12 
   1   6   4 17 16 14 12 
  10   5   4 17 16 14 12 
   4   8   3 20 16 14 
   3  10   4 25 20 19 18 
   5  10   4 25 20 18 17 
   3   9   4 25 23 22 19 
   1   7   2 20 18 
  10   4   1 18 
   7  10   4 31 27 23 21 
   1   8   3 31 22 21 
   6  10   3 31 27 21 
   3   5   3 28 27 23 
   4  10   2 28 24 
   7   4   2 27 26 
   9  10   1 24 
   5   8   1 26 
   3   6   1 26 
   3  10   2 30 29 
  10   8   1 30 
   9   5   1 29 
   3  10   1 32
   6  10   1 32
   7  10   1 32
   0   0   0 
