
  32    1
  10

   0   0   4 2 3 7 8 
   3   1   3 10 5 4 
   8   6   3 10 9 6 
   9   7   3 13 12 11 
   9   8   4 15 14 13 12 
   9   7   4 15 14 13 12 
   7   4   4 15 14 13 12 
   1   3   4 15 14 13 12 
   8   2   3 15 14 13 
   5   6   1 11 
   2   3   2 15 14 
   8   2   4 22 19 18 16 
  10   4   4 22 20 19 18 
   5   3   3 22 21 17 
   9   2   3 22 20 18 
   8   1   3 24 21 20 
   2   4   2 24 19 
   3   5   3 25 24 23 
   5   4   4 29 28 25 23 
   1   5   4 29 28 25 23 
   5   2   4 29 28 25 23 
   4  10   2 31 24 
  10   6   4 31 30 27 26 
   6   4   4 29 28 27 26 
   1   3   3 30 27 26 
   3   3   1 32
   7   6   1 32
   1   3   1 32
   2   1   1 32
   4   2   1 32
  10   3   1 32
   0   0   0 
