
  32    1
  10

   0   0  14 2 3 4 5 6 7 8 10 11 12 13 14 16 31 
   2   1   8 30 29 28 27 26 25 19 9 
   8   1   6 29 27 26 25 19 9 
   4   1  10 29 28 27 26 25 24 23 20 19 18 
   4   4   7 27 26 23 20 19 18 17 
   9   2   4 27 25 23 15 
   6   1   3 25 23 15 
   5   4   4 29 23 18 17 
   7   2   2 23 15 
   9   1   4 28 26 23 18 
   4   3   4 28 25 23 21 
   8   2   4 25 24 23 22 
   5   2   3 25 24 18 
   2   1   3 25 23 18 
  10   3   2 18 17 
   4   2   3 24 23 22 
  10   1   2 24 22 
   3   1   1 22 
   3   2   1 22 
   2   3   1 22 
   8   2   1 22 
   6   4   1 32
   3   2   1 32
   3   1   1 32
   4   1   1 32
   7   2   1 32
   4   3   1 32
   3   2   1 32
  10   1   1 32
   9   4   1 32
   2   1   1 32
   0   0   0 
