
  32    1
  10

   0   0   8 2 4 5 6 7 8 11 13 
   4   7   7 30 28 15 14 10 9 3 
   6   5   7 29 27 23 21 20 16 12 
   9  10   6 29 28 25 24 14 9 
   9  10  10 31 28 27 26 25 23 22 20 19 18 
   9   6   6 30 25 23 22 19 14 
   4  10   4 27 23 15 14 
   4  10   6 29 28 26 25 24 22 
   6   9   5 23 21 20 19 16 
  10   4   4 27 21 20 17 
   6   4   4 24 20 19 16 
   6  10   4 26 25 24 19 
   8   5   4 23 21 20 19 
   4   9   2 21 20 
  10   7   2 24 19 
   7   6   1 22 
   7  10   1 26 
   1   9   1 21 
  10   8   1 32
   4   8   1 32
   2  10   1 32
   6   5   1 32
   2   5   1 32
   6   8   1 32
   7  10   1 32
   3  10   1 32
   2  10   1 32
   4   8   1 32
   9   8   1 32
   1  10   1 32
   6   9   1 32
   0   0   0 
