
  32    1
  10

   0   0  10 2 3 4 6 7 9 10 11 14 19 
   6   2   7 31 30 15 13 12 8 5 
   3  10   9 29 28 27 26 25 24 23 17 16 
   2   6   6 31 29 27 24 23 12 
   1   8   8 28 26 24 23 22 21 18 17 
   9   6   6 27 26 24 23 21 16 
   5   9   4 27 23 17 15 
   6   4   6 28 25 24 22 21 20 
   4   6   6 30 29 27 26 22 20 
   7  10   6 29 25 23 22 21 20 
   5   7   5 26 24 22 21 17 
   9   8   5 28 25 22 21 20 
   1  10   4 27 24 21 20 
   8   7   3 26 23 17 
   7  10   2 25 21 
   3  10   2 22 20 
   2  10   1 20 
   4   8   1 20 
   3   4   1 23 
   4  10   1 32
   9   7   1 32
   2  10   1 32
   9   7   1 32
   4  10   1 32
   2  10   1 32
   7   4   1 32
   3  10   1 32
   3  10   1 32
   9  10   1 32
   7   7   1 32
   6  10   1 32
   0   0   0 
