
  32    1
  10

   0   0   3 2 3 4 
   4   6   3 12 9 5 
   7   6   3 9 8 7 
   2   9   4 12 11 10 9 
  10  10   2 15 6 
   2   6   3 16 11 10 
   2   6   3 16 11 10 
   6   9   4 16 15 14 13 
   3  10   3 16 15 13 
   5   4   1 14 
   4   7   1 13 
   3   7   1 13 
   7   7   4 23 21 19 17 
   9   9   4 23 21 19 17 
   2  10   3 23 21 17 
   2   7   4 26 23 21 20 
   3  10   2 20 18 
   7   8   4 31 26 24 22 
   3  10   4 31 26 25 22 
   9   8   3 31 25 22 
   8   9   4 31 30 28 24 
   2   8   4 30 29 28 27 
   4  10   2 29 27 
   5  10   1 25 
   1   8   1 27 
   2   9   1 28 
  10   9   1 32
   5   6   1 32
   7   9   1 32
   8   8   1 32
   8   5   1 32
   0   0   0 
