
  32    1
  10

   0   0   6 2 3 4 6 7 12 
   2   1   6 15 14 13 11 8 5 
   4   9   6 21 18 15 14 11 9 
   6   4   5 21 17 15 14 13 
   9   9   4 21 19 17 10 
   3   7   2 13 10 
   7   9   6 31 30 21 20 19 17 
   7   8   5 31 20 19 17 16 
   4   7   5 31 24 20 19 16 
   6   9   6 31 29 24 23 20 16 
   8   8   4 31 23 17 16 
   8   4   4 31 30 21 15 
   9   4   3 27 20 19 
   9   4   3 31 23 16 
   5   3   5 29 28 27 24 22 
  10   7   4 30 27 26 22 
   8  10   4 29 28 27 22 
  10   5   4 30 28 25 24 
  10   5   3 29 23 22 
   3   7   2 28 22 
   9   9   2 27 22 
   5   7   1 25 
   2   3   1 26 
   2   5   1 26 
   8  10   1 32
   7   3   1 32
   5   5   1 32
   7   5   1 32
   4   7   1 32
   6   3   1 32
   7   3   1 32
   0   0   0 
