
  32    1
  10

   0   0   3 2 4 5 
   6   1   2 7 3 
   6   3   3 12 8 6 
   5   2   3 10 9 7 
   7   1   3 14 10 7 
   5   1   4 17 16 14 10 
   1   3   3 16 13 11 
   7   3   3 16 13 11 
   7   2   3 16 13 11 
   2   2   2 18 13 
   1   2   3 20 18 17 
   2   2   2 16 15 
   9   1   2 20 15 
   7   3   4 31 22 20 19 
   4   2   3 22 21 19 
   8   4   3 22 21 20 
   6   2   3 22 21 19 
   1   3   3 31 22 19 
   8   1   3 26 25 23 
  10   1   2 25 23 
   6   2   5 31 30 28 26 25 
   8   1   4 28 26 25 24 
   3   1   3 30 28 24 
   6   2   2 29 27 
   4   2   1 27 
   3   3   1 27 
   5   1   1 32
   9   3   1 32
   6   2   1 32
  10   3   1 32
   3   1   1 32
   0   0   0 
