
  32    1
  10

   0   0   3 2 3 6 
   2   2   3 10 5 4 
   3   8   3 10 8 4 
  10   6   4 16 12 9 7 
   5   4   4 16 12 8 7 
   2   7   5 17 16 12 11 9 
   6   5   4 17 14 13 11 
   9   9   4 17 14 13 11 
  10   6   3 19 14 13 
  10   6   2 17 14 
   1   7   2 19 15 
  10   9   2 19 15 
   3   7   3 24 20 18 
   2   8   1 15 
   9   5   2 24 18 
   8   7   4 28 24 22 20 
   4   6   3 31 21 19 
  10   4   3 23 22 21 
   1   6   2 28 20 
   3   8   3 27 25 23 
   2   7   3 28 27 25 
   8   4   3 31 29 25 
   2   3   2 29 26 
  10   2   2 29 26 
   7   5   1 30 
   6   4   1 30 
   6   8   1 29 
   9  10   1 29 
   2   2   1 32
   3   6   1 32
  10   9   1 32
   0   0   0 
