
  32    1
  10

   0   0   9 2 3 4 5 6 7 8 16 17 
   6   4   4 14 13 11 9 
   6  10   5 20 19 14 12 11 
   8   9   4 15 13 11 10 
   6  10   3 30 11 10 
   4   7   3 30 13 11 
   9   2   5 31 30 20 19 18 
   4   7   4 31 20 19 18 
   8  10   1 10 
   3  10   3 20 19 18 
   8   6   3 31 23 18 
   4   5   3 28 23 15 
   9   8   4 31 23 21 19 
   9  10   7 30 29 28 26 25 24 23 
  10   6   5 30 29 27 22 21 
   1  10   5 30 28 27 24 21 
   9   6   5 29 28 27 24 21 
   3  10   4 29 28 22 21 
   2  10   3 28 26 24 
   3   9   2 24 23 
   6  10   2 26 25 
   7   9   2 25 24 
   5  10   1 27 
   8   6   1 32
   7   4   1 32
   1   7   1 32
   2  10   1 32
   8  10   1 32
   2  10   1 32
   8   7   1 32
   7   8   1 32
   0   0   0 
