
  32    1
  10

   0   0  10 2 3 4 5 6 7 8 10 14 19 
   6   1   6 31 16 13 12 11 9 
   9   2   7 30 29 28 26 20 18 12 
   1   4   6 31 25 21 17 15 11 
  10   4   6 30 27 26 25 16 15 
   1   1   6 31 28 27 23 21 20 
   8   1   5 28 27 26 22 15 
   8   1   5 27 26 25 22 15 
   7   2   6 30 28 25 24 23 22 
   9   2   6 29 27 26 25 23 22 
   7   3   4 29 24 23 22 
   2   2   2 22 15 
   9   1   3 27 26 25 
   5   3   3 26 23 22 
   5   2   2 24 23 
   7   4   2 23 22 
   7   2   2 26 22 
   4   1   2 25 22 
   4   3   2 23 22 
   3   3   1 25 
   7   1   1 24 
   5   1   1 32
   1   2   1 32
   1   1   1 32
   3   2   1 32
   1   1   1 32
   1   1   1 32
   9   2   1 32
   9   2   1 32
   4   3   1 32
   6   2   1 32
   0   0   0 
