
  32    1
  10

   0   0   7 2 3 4 6 7 9 10 
   8   5   3 17 14 5 
   1   6   4 21 16 15 8 
   6   8   4 21 17 13 8 
   5   5   5 26 21 16 12 11 
   1   3   4 21 15 13 11 
   8   4   4 26 21 19 11 
   7   5   3 26 19 11 
  10   8   3 26 19 11 
   1   6   2 19 11 
   7   7   7 31 25 24 23 22 20 18 
   7   6   6 31 25 23 22 20 19 
   9   6   7 31 29 28 26 25 23 22 
   8   7   5 31 29 23 22 20 
   8   4   4 31 24 22 19 
   3   1   5 31 29 28 24 23 
   7   5   4 30 29 28 22 
   3   5   4 30 29 28 27 
   6   7   3 29 28 27 
   5  10   2 30 28 
   1  10   2 30 28 
  10   8   1 27 
   4   5   1 27 
   8   8   1 27 
   3   7   1 27 
   8   6   1 27 
   6   6   1 32
  10   5   1 32
   2   7   1 32
   4   4   1 32
   2   6   1 32
   0   0   0 
