
  32    1
  10

   0   0   6 2 3 4 5 6 8 
   4   3   4 19 15 10 7 
   3   6   4 19 18 10 9 
   2   9   4 18 17 11 9 
   5   3   6 31 21 19 17 16 13 
   7   5   6 31 30 18 17 16 15 
   7   7   4 31 30 18 12 
   6   7   6 31 29 27 21 19 16 
   2   5   3 27 21 14 
   1   6   4 31 30 17 16 
   8   5   3 30 16 15 
   4  10   5 29 27 24 21 16 
   2   9   9 30 29 28 27 26 25 24 22 20 
   2   9   4 30 29 24 16 
   6   6   7 29 27 26 25 24 22 20 
   7   5   5 28 26 25 22 20 
   4   7   5 27 26 24 22 20 
   5   2   5 27 25 24 23 21 
   8   8   3 24 22 20 
   1   5   1 23 
   2   7   1 22 
   6   3   1 32
   3   9   1 32
   5   7   1 32
   6   5   1 32
   9   7   1 32
   6   3   1 32
  10   6   1 32
   1   4   1 32
   6   6   1 32
   5   6   1 32
   0   0   0 
