
  32    1
  10

   0   0   4 2 3 4 8 
   7   1   4 11 7 6 5 
   9   4   3 11 7 5 
   4   2   2 9 7 
   9   4   2 12 9 
   2   1   2 12 9 
   5   3   5 17 16 15 14 12 
   7   2   4 16 15 13 11 
   2   2   3 14 13 10 
  10   3   5 20 18 17 16 15 
  10   2   4 20 18 17 14 
   7   1   3 20 19 13 
   6   1   2 21 18 
  10   1   5 26 25 23 22 21 
   8   1   5 26 25 23 22 21 
   8   1   3 22 21 19 
   5   2   2 22 19 
   2   3   4 26 25 23 22 
   8   1   5 31 27 25 24 23 
   2   2   3 24 23 22 
   8   2   3 31 27 24 
   1   2   3 31 28 27 
   3   2   3 30 29 28 
   5   1   2 30 28 
   2   2   2 29 28 
   6   2   2 29 28 
   8   4   1 29 
   6   1   1 32
   3   1   1 32
   3   2   1 32
   5   4   1 32
   0   0   0 
