
  32    1
  10

   0   0   5 2 3 5 8 11 
  10   3   5 16 10 9 7 4 
   9   3   4 16 7 6 4 
   2   8   9 24 23 21 20 19 17 15 14 13 
  10   3   3 24 12 7 
   4   6   5 23 21 18 14 12 
   8   7   6 31 23 21 19 17 14 
   9   7   6 31 23 20 19 17 14 
   6   7   5 23 20 18 17 14 
   8  10   6 31 24 23 22 19 15 
   1   5   4 31 24 23 14 
   3   5   5 31 30 25 22 20 
   8   9   6 31 30 29 28 27 25 
   5   3   5 30 28 27 25 22 
   8   6   5 30 29 28 27 25 
   4  10   3 31 25 19 
   6   5   5 30 29 28 27 26 
   7   3   4 31 28 27 25 
   1   5   3 28 27 26 
   7   7   3 28 27 26 
   7   8   3 29 28 27 
   1   6   2 29 26 
   1  10   2 29 27 
   9   4   2 30 26 
   3   5   1 26 
   4   6   1 32
   3  10   1 32
   3   4   1 32
   8   8   1 32
   8   2   1 32
   3   5   1 32
   0   0   0 
