
  32    1
  10

   0   0  11 2 3 4 5 6 7 8 9 10 12 17 
   5   1  10 30 29 28 27 25 24 23 22 20 15 
  10   5   8 29 26 25 24 23 21 16 13 
  10   6   8 31 30 29 27 22 20 19 14 
   2   3   5 25 23 21 13 11 
   7   5   9 30 27 26 24 23 22 21 20 19 
   1  10   4 28 21 19 11 
   2   6   3 26 25 13 
   6   8   3 25 18 14 
   6   8   5 27 22 21 20 18 
   2   8   4 26 24 22 20 
   1   8   4 25 23 20 19 
   8   6   3 22 20 18 
   6   6   3 24 23 21 
   9  10   2 21 18 
  10   6   2 28 20 
  10   5   2 23 19 
   1   4   1 19 
   3   7   1 32
   8   8   1 32
   3   7   1 32
   9   2   1 32
   9   3   1 32
   8   5   1 32
  10   4   1 32
   3   7   1 32
   2  10   1 32
  10   6   1 32
   4   8   1 32
   9   2   1 32
   2   6   1 32
   0   0   0 
