
  32    1
  10

   0   0   7 2 3 4 5 7 8 12 
   2   1   4 17 14 10 6 
   7   3   4 16 14 11 9 
   6   2   4 20 15 14 10 
   4   7   4 25 21 13 11 
   2   2   7 24 23 21 20 19 16 15 
   5   7   7 25 24 23 20 19 15 14 
   7   3   5 25 20 18 17 13 
   7   3   7 25 24 23 22 21 20 19 
   5   2   3 21 18 13 
   9   4   6 31 23 20 19 18 15 
   1   5   6 31 25 23 19 18 15 
   1   2   4 24 23 22 19 
   6   5   3 28 22 18 
   5   4   5 29 28 27 26 22 
  10   5   3 28 25 18 
   1  10   4 31 29 28 27 
   9   3   3 29 27 26 
   3   4   3 29 27 26 
   9   5   2 30 26 
   7   7   2 28 27 
   5   1   1 30 
   8   5   1 28 
   9   5   1 31 
   4   7   1 26 
   6   3   1 32
   8   4   1 32
   9   3   1 32
   6   2   1 32
   1   3   1 32
   8   3   1 32
   0   0   0 
