
  32    1
  10

   0   0  10 2 3 4 5 6 7 8 12 14 16 
  10   1   9 30 28 27 26 20 18 13 11 9 
   6   2   6 30 27 26 20 10 9 
   9   2   8 31 28 27 26 25 17 15 13 
   7   3   8 29 28 27 26 25 23 15 13 
  10   1   6 29 25 24 23 22 17 
   7   1   5 28 25 24 23 18 
   9   3   4 26 25 23 17 
   9   2   3 25 23 17 
   3   4   3 24 19 15 
   8   2   3 23 22 19 
   1   1   2 24 17 
   7   2   3 24 22 21 
   4   3   3 26 23 21 
   8   2   2 22 21 
   5   4   2 26 21 
   8   3   1 19 
   7   2   1 19 
   7   3   1 21 
   5   1   1 22 
   4   1   1 32
   6   3   1 32
   7   1   1 32
   2   2   1 32
   8   1   1 32
   6   4   1 32
   5   2   1 32
   2   1   1 32
   5   1   1 32
   5   1   1 32
   8   1   1 32
   0   0   0 
