
  32    1
  10

   0   0  11 2 3 4 5 6 7 9 12 15 18 19 
   7   1   7 30 29 28 27 16 14 8 
   2   3  10 31 29 28 27 26 25 23 22 16 13 
   3   1   9 30 26 25 23 22 17 16 14 13 
   6   1   6 30 28 27 25 21 10 
   4   1   8 29 28 27 26 22 21 20 16 
   1   3   7 29 28 27 25 24 22 13 
   2   2   3 26 22 11 
   2   2   7 26 25 24 23 22 21 20 
   8   1   5 26 24 23 22 20 
   6   2   3 25 23 13 
   8   3   3 23 22 21 
   2   1   2 21 20 
   1   2   2 21 20 
   7   2   2 21 20 
  10   2   1 24 
   9   1   1 20 
   7   1   1 21 
   1   2   1 20 
  10   1   1 32
   5   3   1 32
  10   1   1 32
   8   2   1 32
   4   1   1 32
   2   4   1 32
  10   3   1 32
   8   2   1 32
   6   4   1 32
   7   3   1 32
   4   3   1 32
  10   2   1 32
   0   0   0 
