
  32    1
  10

   0   0   4 2 3 4 6 
   1   1   4 16 8 7 5 
  10   5   3 16 7 5 
   6   5   3 16 7 5 
   8   5   3 13 11 9 
   1   4   3 13 11 10 
   4   4   2 13 10 
   2   3   1 9 
   2   8   1 10 
   2  10   1 12 
   3   7   1 12 
   6   6   3 23 15 14 
   8   3   4 23 21 19 18 
   7   7   3 26 19 17 
   2   3   3 21 19 18 
  10   4   3 23 20 18 
   5   8   4 31 30 24 22 
   3   6   5 31 30 29 26 25 
   1  10   2 30 20 
   3   3   1 22 
   6   5   1 22 
   2   9   2 29 25 
   6   9   2 29 25 
   7   4   2 29 25 
   1  10   2 28 27 
   4   6   1 27 
   8   8   1 32
   5   6   1 32
   7   9   1 32
   7   2   1 32
  10  10   1 32
   0   0   0 
