
  32    1
  10

   0   0  14 2 3 4 5 6 7 8 9 10 11 13 21 30 31 
   4   1   8 28 27 26 20 19 18 16 14 
   7   1   5 28 27 20 16 12 
   1   1   7 28 27 26 24 20 18 17 
   7   2   6 29 26 23 19 18 17 
   4   1   6 28 26 24 23 18 17 
   8   1   5 28 27 26 25 15 
   5   2   3 26 19 15 
   3   3   5 27 25 24 23 17 
   5   1   3 25 24 15 
   7   3   4 27 26 23 17 
  10   5   2 26 15 
   8   4   2 24 15 
   9   1   3 24 23 17 
   8   1   2 23 17 
   1   1   2 25 24 
   9   2   1 22 
  10   3   1 25 
   9   1   1 24 
   4   4   1 23 
   3   2   1 22 
   6   2   1 32
   9   2   1 32
   7   1   1 32
   1   1   1 32
   9   3   1 32
   1   3   1 32
   6   2   1 32
   7   2   1 32
   3   2   1 32
   5   2   1 32
   0   0   0 
