
  32    1
  10

   0   0   9 2 3 6 7 8 9 11 12 16 
   5   5   2 17 4 
   8   5   1 5 
   3  10   4 31 18 14 10 
   7  10   4 31 18 14 10 
   9   9   4 31 18 14 10 
   5  10   4 22 19 14 13 
   9  10   6 31 25 21 19 18 14 
   2   5   5 22 21 19 15 14 
   1   7   5 30 22 21 19 15 
   1   7   6 30 25 22 20 19 18 
   6   9   2 22 14 
   4  10   5 31 30 23 21 18 
   7   8   6 30 29 28 24 23 20 
   7   6   5 29 25 24 23 20 
   6   7   3 29 20 19 
   6   7   3 28 26 24 
   4   8   3 29 28 26 
   8   6   2 28 23 
   9   6   2 27 26 
  10   9   2 29 27 
   5   9   1 24 
   2  10   1 26 
   1   9   1 27 
   3   7   1 28 
   1  10   1 32
   5   7   1 32
   4   7   1 32
   6  10   1 32
   2  10   1 32
   3   7   1 32
   0   0   0 
