
  32    1
  10

   0   0   2 2 3 
   1   4   4 11 9 5 4 
   4   4   4 14 11 7 6 
   5   8   3 14 7 6 
  10   7   2 14 8 
   7   8   1 8 
   7   6   1 8 
  10   7   2 15 10 
   2   8   3 17 15 12 
   8   9   3 22 17 12 
   3   9   3 17 16 15 
  10  10   2 18 13 
   1   8   3 24 23 16 
   1   7   1 15 
   3   3   4 24 23 22 20 
  10  10   2 20 19 
   6   5   2 24 20 
   2  10   2 24 21 
   4   9   4 31 30 26 25 
   7   8   3 31 29 21 
   5   7   3 30 27 26 
   9   6   2 28 25 
   5  10   3 29 28 27 
   7   7   1 25 
   5  10   2 29 27 
   6  10   1 28 
  10  10   1 32
   3  10   1 32
   1  10   1 32
   1  10   1 32
   1  10   1 32
   0   0   0 
