
  32    1
  10

   0   0   3 2 3 4 
   6   2   2 7 5 
  10   5   1 5 
  10   3   1 5 
   2   8   2 8 6 
   6   9   4 20 11 10 9 
   2   6   5 21 20 15 14 13 
   4   6   4 20 15 14 12 
   7   6   3 21 15 13 
   6   7   3 21 18 15 
   5   5   2 18 15 
   2   6   3 21 18 17 
  10   4   2 18 16 
   1   2   2 18 16 
   7   6   1 16 
  10   8   1 17 
   6   4   4 25 24 23 22 
   7   4   2 25 19 
   2   4   4 31 30 24 22 
   4  10   4 29 28 27 23 
   2   9   2 25 22 
   5   9   3 29 28 26 
   3   5   3 31 30 26 
   9   7   2 27 26 
   7   6   1 27 
   5   4   1 32
   7   6   1 32
   8   9   1 32
   1   7   1 32
   4   7   1 32
   9   6   1 32
   0   0   0 
