
  32    1
  10

   0   0   5 2 3 4 5 7 
   8   3   5 16 15 12 9 6 
   4   4   4 22 15 14 8 
   2   4   3 21 11 9 
  10   4   3 15 10 9 
   3   6   5 31 22 20 17 13 
   1   6   4 21 20 17 13 
   2   8   3 31 20 12 
   2  10   4 23 20 18 14 
   2  10   7 31 30 28 23 21 19 18 
   4   5   5 31 27 22 18 17 
   5   4   5 30 29 23 21 17 
   3   7   5 30 28 23 19 18 
   1   6   3 31 27 17 
   8   5   6 31 30 29 27 25 24 
   5   5   5 30 26 25 24 23 
   2   7   2 28 19 
  10   4   4 29 26 25 24 
   1  10   3 26 25 24 
   3   4   3 29 25 24 
   1   6   2 26 24 
  10   7   2 30 28 
   9   6   1 27 
   9   5   1 32
   7   5   1 32
   3   6   1 32
  10   9   1 32
  10   4   1 32
   7   8   1 32
   7   7   1 32
   1   5   1 32
   0   0   0 
