
  32    1
  10

   0   0   8 2 3 4 5 7 9 10 15 
   7   1   6 19 18 13 12 8 6 
   5   6   6 23 18 17 16 14 11 
  10   3   5 26 23 18 17 11 
   5   4   5 26 21 19 17 12 
   3   6   4 26 23 16 11 
   9   6   3 16 13 11 
   4   3   5 26 25 23 21 16 
   1   3   3 23 21 13 
   6   3   5 31 25 21 17 16 
   4   4   6 31 30 25 24 21 20 
   6   4   3 31 25 16 
   9   4   5 30 26 25 24 20 
   9   4   5 31 25 24 21 20 
   2   5   5 31 30 26 25 21 
   6   3   4 30 29 24 20 
   6   4   3 29 24 20 
   6   3   3 29 24 20 
   9   2   3 25 24 22 
   2   2   1 22 
  10   6   1 22 
   9   5   2 28 27 
  10   3   2 31 30 
   7   2   1 27 
   7   4   1 29 
   8   3   1 27 
   2   6   1 32
   4   5   1 32
   7   7   1 32
   8   3   1 32
   8   6   1 32
   0   0   0 
