
  32    1
  10

   0   0   8 2 3 4 5 6 7 9 10 
   3   1   5 31 20 14 12 8 
   4   4   3 19 12 11 
  10   3   4 29 20 14 13 
   6   5   4 31 30 20 12 
   8   5   3 19 14 12 
   4   2   3 31 19 12 
  10   1   6 30 29 28 26 19 15 
   3   4   6 31 29 28 26 19 15 
   9   6   5 30 29 26 16 15 
   7   4   5 31 30 29 26 15 
   6   1   4 29 26 16 15 
   5   3   4 30 26 16 15 
   2   6   5 30 26 21 18 17 
   6   8   4 27 21 18 17 
  10   4   3 28 24 21 
   9   5   3 24 23 22 
   4   3   2 25 22 
   5   3   2 23 22 
   3   4   2 26 22 
   4   1   1 22 
   5   2   1 32
   9   3   1 32
  10   7   1 32
   9   3   1 32
   4   9   1 32
   5   4   1 32
   4   4   1 32
   3   5   1 32
   6   4   1 32
  10   6   1 32
   0   0   0 
