
  32    1
  10

   0   0   9 2 3 4 5 6 7 8 9 16 
   6   3   5 17 15 13 12 10 
   8   4   5 25 20 17 12 11 
   6  10   3 15 11 10 
   9   4   6 31 23 21 20 17 15 
   2   8   3 20 12 11 
  10   9   5 25 24 20 19 14 
   9   7   3 25 17 11 
   5  10   4 24 19 18 12 
   9   6   4 24 20 19 18 
   6  10   3 24 19 18 
   7  10   4 31 23 22 21 
   8  10   4 31 24 23 22 
   3   7   4 31 26 23 18 
   9  10   4 27 25 24 22 
   9  10   3 30 25 21 
   4   8   2 26 18 
   1  10   3 28 27 22 
   7   7   3 31 26 23 
   8   8   3 30 29 26 
   7  10   3 29 27 26 
  10   7   2 30 29 
   8   5   2 28 27 
  10  10   1 26 
   9   5   1 28 
   7   9   1 32
   8   9   1 32
   7   8   1 32
   9   8   1 32
   6   8   1 32
   6  10   1 32
   0   0   0 
