
  32    1
  10

   0   0  12 2 3 4 5 6 7 8 9 10 11 15 18 
   6   1   8 30 29 27 24 23 19 16 13 
   4   8   6 25 24 19 17 14 12 
   9   4   7 31 28 27 25 24 23 14 
   3   3   5 29 27 23 16 14 
   5   3   6 31 28 26 24 19 14 
   2   3   6 28 27 26 24 23 14 
   1   4   4 29 26 23 13 
   6   9   3 30 26 14 
   5   6   5 25 24 22 21 20 
   7   7   2 26 14 
   9   8   4 27 23 22 20 
   6   4   1 14 
   8   6   3 22 21 20 
   6   6   3 26 25 20 
   9   4   2 28 25 
   9  10   2 23 21 
   4  10   2 24 23 
   9   6   1 20 
   4   4   1 32
   2   9   1 32
   2   4   1 32
   9   6   1 32
  10   6   1 32
   2   6   1 32
   6   7   1 32
   8   7   1 32
   3  10   1 32
   8   6   1 32
  10   7   1 32
   1   6   1 32
   0   0   0 
