
  32    1
  10

   0   0   3 2 3 4 
  10   3   3 8 6 5 
   3  10   5 11 9 8 7 6 
   9   5   3 10 8 5 
   6  10   3 11 9 7 
   6   7   3 14 12 10 
   3  10   3 17 15 12 
   8   6   3 14 13 12 
   5   6   2 17 12 
  10   8   2 15 13 
   5   7   2 14 13 
   2   6   3 20 18 16 
   7  10   2 20 16 
   9   7   2 20 16 
   9  10   3 22 20 19 
   4   9   4 24 23 22 19 
   6  10   2 20 19 
   1   8   5 31 25 24 23 22 
   6   7   4 28 26 25 21 
   1  10   4 29 25 24 23 
   7  10   4 31 30 29 27 
   5  10   3 29 28 26 
   3  10   2 28 27 
   3   6   2 28 27 
   4   9   1 30 
  10   9   1 27 
   6   7   1 32
   1  10   1 32
   9  10   1 32
   5   2   1 32
   4   8   1 32
   0   0   0 
