
  32    1
  10

   0   0  15 2 3 4 5 6 7 8 9 10 11 12 14 15 18 23 
   5   1   8 31 30 29 28 20 19 17 13 
   3   5   7 29 28 22 21 20 19 17 
   7   3   7 30 29 28 27 26 25 16 
   3   8   6 30 28 21 19 17 13 
   4   6   5 31 28 26 19 17 
   8   7   3 29 19 13 
   6   4   5 31 30 28 26 19 
   5   7   2 19 13 
   3   9   5 30 29 26 25 24 
   9   4   5 30 28 26 25 24 
   6   6   3 27 20 19 
   2   3   4 27 26 25 24 
  10   8   3 31 28 19 
   1   9   3 29 27 25 
   6   6   2 31 19 
  10   7   2 27 25 
  10   6   1 20 
   8   8   1 24 
   3   8   1 25 
   8   6   1 26 
   8   7   1 24 
   9   5   1 28 
   3   5   1 32
   6   4   1 32
   4   6   1 32
   1   8   1 32
   1   6   1 32
   1   7   1 32
   1   4   1 32
   1   7   1 32
   0   0   0 
