
  32    1
  10

   0   0  11 2 3 4 5 6 7 9 10 11 16 19 
   8   8   7 30 29 27 18 13 12 8 
   8   7  10 31 30 28 27 24 22 18 17 14 13 
   7  10   7 28 27 25 24 17 15 13 
   3   8   7 30 29 27 24 20 17 13 
  10   5   6 27 24 22 21 17 14 
   2   5   6 26 24 23 21 15 14 
   8  10   7 31 28 26 25 24 20 17 
   8   6   4 24 22 20 13 
   5  10   3 29 22 18 
   2  10   2 23 14 
   8   7   3 22 21 20 
  10   7   2 26 21 
  10  10   2 25 20 
   7  10   2 22 20 
   9   8   2 21 20 
   7  10   1 23 
   1  10   1 20 
   5  10   1 20 
   2   8   1 32
   4  10   1 32
   7   1   1 32
   3   9   1 32
   9   8   1 32
   2   6   1 32
   7  10   1 32
  10   6   1 32
   8   7   1 32
   4   8   1 32
   1   7   1 32
   7   9   1 32
   0   0   0 
