
  32    1
  10

   0   0   7 2 3 4 5 7 9 11 
   2   1   5 18 15 13 8 6 
   9   1   2 10 6 
   8   3   6 21 19 17 16 14 12 
  10   2   6 22 21 18 17 14 13 
   7   2   5 21 19 17 16 12 
   1   2   4 21 16 14 12 
   6   1   6 25 23 22 21 17 14 
   5   5   4 21 19 17 14 
  10   2   6 31 30 25 23 22 17 
   8   1   3 25 21 17 
   9   3   6 29 25 24 23 22 20 
   4   2   5 30 29 25 24 20 
   4   1   4 31 30 29 20 
   3   1   4 29 27 24 21 
   1   1   4 31 30 29 22 
   6   3   3 29 24 20 
   2   1   2 24 23 
   2   1   2 29 22 
   6   3   3 28 27 26 
  10   3   3 30 28 26 
   1   2   2 27 26 
   2   5   2 27 26 
   2   2   1 28 
   1   3   1 28 
   8   2   1 32
   9   1   1 32
   6   1   1 32
   7   1   1 32
   4   3   1 32
   4   1   1 32
   0   0   0 
