
  32    1
  10

   0   0   9 2 3 4 5 6 9 20 21 31 
   7   4   7 29 24 18 16 15 10 8 
   5   8   6 28 27 19 13 11 7 
   3   6   8 27 26 25 19 18 15 14 13 
   4   3   7 29 27 26 19 18 17 12 
   1   7   5 29 19 17 14 12 
   1   4   5 25 24 18 17 14 
   8   8   4 28 26 17 12 
   4   9   4 27 26 14 12 
   1   6   3 26 17 14 
   9   7   4 30 24 23 22 
   2   3   3 25 23 22 
   6   3   2 23 17 
   8   6   2 23 22 
   7   9   2 23 22 
   4   4   2 28 22 
  10   4   1 22 
   4   5   1 22 
  10   7   1 24 
   3   9   1 24 
   6   7   1 22 
   2   8   1 32
   9   9   1 32
   2  10   1 32
  10   5   1 32
   1   2   1 32
   3   7   1 32
   6   3   1 32
   7   4   1 32
   8   7   1 32
  10   6   1 32
   0   0   0 
