
  32    1
  10

   0   0   3 2 3 7 
   4   1   3 12 5 4 
   7   5   4 13 12 9 6 
   5  10   3 9 8 6 
   4   4   3 9 8 6 
  10   6   3 14 11 10 
   9   4   3 14 10 9 
   1   8   5 19 16 15 14 13 
   3  10   5 20 19 18 17 15 
   5   6   5 21 20 18 16 15 
   5   6   4 20 19 17 15 
   5   5   4 20 19 18 16 
   4   7   4 24 21 20 18 
   9   5   5 25 24 23 22 21 
   3   7   5 26 25 24 23 22 
   2   8   5 26 25 24 23 22 
   8   7   5 26 25 24 23 22 
   2   7   4 26 25 23 22 
   7   3   2 25 21 
   2   4   2 25 22 
   9   7   3 31 30 26 
  10   8   3 31 30 27 
   6   5   3 31 30 27 
   7   4   3 31 30 27 
  10   4   1 27 
  10   5   1 27 
   7   8   1 28 
   6   4   1 29 
  10   2   1 32
   1  10   1 32
   2  10   1 32
   0   0   0 
