
  32    1
  10

   0   0   3 2 3 4 
   2   1   3 8 6 5 
   3   6   4 10 9 7 6 
   8   4   2 12 5 
   5   3   3 17 10 9 
   1   6   3 14 12 11 
   9   5   3 17 16 12 
   8   3   3 16 14 13 
   6   4   2 16 13 
   1   4   2 14 13 
   5   3   4 22 18 17 16 
   4   5   1 13 
   5   4   2 18 15 
   1   3   2 18 15 
   8   5   5 31 24 22 20 19 
   9   6   3 31 24 19 
   4   3   2 21 20 
   6   3   4 31 30 26 24 
   6   7   3 30 23 21 
   9   5   2 30 23 
   9   5   2 26 25 
   2   4   2 30 25 
   4   4   1 25 
   4   1   1 25 
  10   3   3 29 28 27 
   3   6   1 27 
   7   3   1 32
   4   5   1 32
   4   2   1 32
   2   3   1 32
  10   4   1 32
   0   0   0 
