
  32    1
  10

   0   0   5 2 3 4 5 7 
   4   1   5 16 13 9 8 6 
   1   3   6 22 17 15 13 12 11 
   7   5   6 22 17 14 13 12 11 
   4   7   6 22 19 17 14 13 11 
   5   4   3 22 17 10 
  10   7   5 20 19 17 14 13 
   8   3   4 30 17 14 11 
   2   7   6 30 29 20 19 18 17 
   4   5   5 30 28 21 19 11 
   2   4   5 29 26 23 20 18 
   5   3   5 30 29 23 19 18 
   2   5   6 31 30 27 26 25 23 
   9   6   5 29 28 26 24 18 
   3   5   5 30 28 27 24 19 
   7   2   4 30 27 24 22 
   3   5   3 28 23 21 
   7   3   2 27 25 
   6   2   2 26 25 
   6   2   2 31 24 
   9   4   2 26 25 
  10   3   2 29 28 
   2   6   1 24 
  10   2   1 32
   1   7   1 32
   5   3   1 32
   6   5   1 32
   6   5   1 32
   7   3   1 32
   9   1   1 32
   2   2   1 32
   0   0   0 
