
  32    1
  10

   0   0   4 2 3 4 7 
   6   1   5 13 9 8 6 5 
   6   3   5 10 9 8 6 5 
   1   7   4 12 10 9 8 
   8   2   4 17 15 12 11 
  10   5   3 17 12 11 
   6   3   3 17 14 11 
   3   3   2 15 11 
   1   5   2 17 11 
   2   1   2 14 11 
   1   6   2 26 16 
  10   5   2 18 14 
   2   5   1 14 
   5   4   4 26 25 21 19 
   6   2   3 26 23 18 
   4   8   2 19 18 
   2   2   2 23 18 
   3   4   3 25 21 20 
   5   2   3 29 23 20 
  10   4   2 24 22 
   2   4   2 29 24 
   1   2   2 28 27 
  10   4   2 28 27 
   9   3   2 31 27 
  10   5   2 31 27 
   4   4   2 31 29 
   3   3   1 30 
   7   4   1 31 
   6   7   1 30 
   1   6   1 32
  10   6   1 32
   0   0   0 
