
  32    1
  10

   0   0   9 2 3 4 5 7 8 11 13 17 
   2   4   6 25 20 18 16 15 10 
   9   6   3 14 12 6 
   7   3   5 25 23 18 16 14 
   1   8   3 25 20 9 
   1  10   5 31 25 23 22 16 
   9   9   5 25 23 22 20 15 
   9   7   4 25 23 19 14 
   9   6   3 23 19 14 
   8   8   3 23 19 14 
   4  10   7 31 30 25 24 23 22 21 
   4   8   4 31 25 20 18 
  10  10   6 31 30 27 25 24 23 
   1   6   5 31 28 24 22 21 
   7  10   5 31 30 28 24 21 
   5   7   3 24 21 19 
   4   8   3 31 25 19 
   8  10   2 24 19 
  10  10   5 30 29 28 27 26 
  10  10   3 28 27 24 
   9  10   3 29 27 26 
   4   7   3 29 27 26 
   3   9   2 28 26 
   7   8   1 26 
  10   7   1 26 
  10   7   1 32
   3  10   1 32
   7   5   1 32
   4  10   1 32
   8   7   1 32
   6  10   1 32
   0   0   0 
