
  32    1
  10

   0   0   7 2 5 6 7 8 9 13 
   5   1   2 11 3 
   8   9   5 20 16 12 10 4 
   7   6   7 26 24 19 18 17 15 14 
   2   7   7 26 24 19 18 17 15 14 
   3   6   5 26 17 15 14 10 
  10   6   5 26 17 16 14 10 
   9  10   5 26 25 17 14 12 
   2   9   4 17 14 12 10 
   8   4   6 30 25 24 23 21 18 
   2  10   6 30 25 24 23 22 18 
   2  10   5 30 24 23 21 18 
   8  10   5 31 30 24 23 21 
   9  10   5 31 30 29 28 21 
   9  10   5 30 28 25 23 22 
   6   3   5 31 30 28 25 22 
   5  10   3 30 28 23 
   7   8   3 31 28 27 
   5   7   2 31 27 
  10  10   2 30 28 
   4   4   1 22 
   9  10   1 27 
   7  10   1 29 
   8  10   1 28 
   3   5   1 29 
  10   9   1 27 
   2  10   1 32
   3  10   1 32
   4  10   1 32
  10   6   1 32
   4  10   1 32
   0   0   0 
