
  32    1
  10

   0   0   7 2 3 4 5 6 7 8 
   1   1   6 20 17 15 14 13 9 
   7   1   6 21 20 15 14 12 10 
   4   3   5 17 16 15 14 9 
   5   1   4 20 12 11 10 
   2   1   3 20 14 10 
   3   3   2 14 10 
   5   1   4 31 24 18 14 
   9   2   2 30 10 
   9   3   5 31 24 22 19 18 
   7   1   2 31 14 
   1   7   6 31 30 29 28 27 19 
   7   1   6 31 30 29 28 27 19 
   7   3   5 30 29 28 22 19 
   7   2   5 30 29 23 22 18 
   7   1   5 30 27 24 23 18 
  10   1   6 31 30 28 27 25 23 
   7   2   3 28 26 25 
   2   2   2 25 23 
   5   2   2 25 23 
   9   2   2 25 23 
   6   3   2 27 25 
  10   2   1 26 
  10   1   1 29 
  10   3   1 32
   2   1   1 32
   7   3   1 32
   1   2   1 32
   1   1   1 32
   6   2   1 32
   9   2   1 32
   0   0   0 
