
  32    1
  10

   0   0   7 2 3 4 5 6 8 11 
   2   2   4 14 12 9 7 
   4   4   7 23 21 17 15 13 12 10 
   2   2   3 15 14 9 
   8   4   2 14 9 
  10  10   7 31 23 22 20 17 16 13 
   4   8   7 31 23 22 20 17 15 13 
   5   4   7 31 23 22 21 20 17 13 
  10   4   4 23 17 13 10 
   3   7   6 31 29 22 20 19 18 
   7   9   3 23 20 13 
   8   7   5 29 27 26 20 19 
   6   6   5 29 26 25 19 18 
   2   4   5 31 25 24 22 18 
   9   7   4 29 25 24 18 
   7   7   4 30 29 25 21 
   1   6   4 30 27 25 24 
   1   6   2 28 27 
   9   7   2 28 24 
   9  10   2 30 25 
   9   9   2 26 24 
   8   4   1 26 
   4   6   1 24 
   4   3   1 32
  10   5   1 32
   1   5   1 32
   7   8   1 32
   5   4   1 32
   4   9   1 32
   8   5   1 32
   1   8   1 32
   0   0   0 
