
  32    1
  10

   0   0   9 2 3 5 6 9 10 13 14 16 
  10   1   6 31 30 25 21 17 8 
   4   5   2 12 4 
   9   5   4 30 27 19 7 
   4   7   8 31 29 28 27 26 22 19 18 
   3   6   3 20 15 11 
   3   7   6 28 26 25 23 22 18 
   5   5   3 27 18 15 
  10  10   6 31 30 29 28 25 22 
   8   7   4 29 23 22 19 
   8   8   4 26 24 23 22 
  10   2   4 25 24 23 22 
   8   6   4 29 27 24 23 
   3   6   4 30 25 24 22 
   1   6   3 26 23 22 
   6   4   3 29 23 22 
  10   8   2 27 26 
  10   5   1 24 
   4   2   1 25 
   4   5   1 28 
   2   8   1 22 
   8   4   1 32
   3   8   1 32
   6   7   1 32
   4  10   1 32
   3   7   1 32
   8  10   1 32
   1   7   1 32
   4   4   1 32
   5   6   1 32
   6   4   1 32
   0   0   0 
