
  32    1
  10

   0   0   8 2 4 5 6 7 9 12 13 
   7   1   2 15 3 
   1   4   5 23 20 11 10 8 
   8   7   5 23 20 11 10 8 
   9   6   7 23 20 19 18 17 14 11 
   5   5   6 29 24 19 18 15 14 
   8   3   7 31 30 29 20 19 17 16 
   6   5   6 29 19 18 17 16 14 
   9   5   4 29 19 15 14 
   4   6   7 31 30 29 27 24 19 16 
   1   5   6 31 30 29 27 24 16 
   1   6   7 31 30 29 28 25 23 21 
   8   5   6 29 28 23 22 21 18 
   8   1   6 31 30 28 27 22 21 
   4   4   2 23 16 
   7   2   3 28 22 21 
   9   3   3 27 25 21 
   9   1   3 27 26 25 
   1   2   2 26 22 
   9   7   2 27 24 
   5   5   1 26 
   1   3   1 25 
   2   4   1 27 
   4   4   1 25 
   9   4   1 32
   2   3   1 32
   7   4   1 32
   8   2   1 32
   1   4   1 32
   4   4   1 32
   9   5   1 32
   0   0   0 
