
  32    1
  10

   0   0   3 2 3 7 
   6   1   4 12 8 5 4 
   1   7   2 12 4 
   4   4   2 11 6 
   3   4   1 6 
   9   6   3 14 10 9 
   6   5   4 18 17 15 13 
   7   7   2 14 11 
   1   6   3 18 16 15 
  10   9   2 17 13 
   1   5   1 13 
   3   8   1 13 
   8   7   3 21 20 16 
   8   5   3 21 18 16 
   9   6   4 24 21 20 19 
   2   8   2 24 19 
   3   7   2 24 19 
   3   9   2 23 22 
   2   8   3 30 25 23 
   7   6   3 30 25 23 
   9   3   1 22 
   4   5   3 30 26 25 
   2   5   3 29 27 26 
   1  10   3 30 29 28 
   2   7   2 31 29 
   2   2   1 28 
  10   7   1 28 
   8   8   1 32
   4   4   1 32
   5   3   1 32
   3   8   1 32
   0   0   0 
