
  32    1
  10

   0   0   7 2 3 4 6 9 10 12 
   1   1   5 24 19 17 13 5 
  10   7   5 24 19 17 14 8 
   1   7   3 19 14 7 
   4   6   5 22 18 15 14 11 
   1   6   3 24 20 8 
   3   6   2 20 8 
   5   8   5 30 23 22 18 15 
   9   8   5 24 22 19 17 16 
  10   4   6 31 30 28 24 23 19 
   9   8   5 31 30 23 20 16 
   2   6   4 30 22 19 16 
   5   8   2 31 15 
   8   9   2 30 16 
   4   5   1 16 
   4   5   5 29 28 27 26 21 
   1   6   2 28 20 
   5   5   4 31 27 26 21 
   2   6   1 20 
   1   4   3 27 26 21 
   4   7   1 25 
   2   8   1 25 
  10   9   1 25 
   2   5   1 26 
   2   5   1 32
   7   4   1 32
   4   3   1 32
   8   9   1 32
   5   5   1 32
   5   4   1 32
   2   6   1 32
   0   0   0 
