
  32    1
  10

   0   0   7 2 3 4 5 6 8 12 
  10   4   4 16 13 9 7 
   1   6   4 16 11 10 7 
   9   7   3 20 16 7 
   5   5   2 20 9 
   9   6   7 31 24 22 21 20 18 16 
   9   8   6 30 22 18 17 15 14 
   1   5   6 31 24 20 19 18 14 
   5   6   3 22 18 11 
   5   6   4 24 22 19 15 
   5   7   4 31 30 24 14 
  10  10   4 30 24 21 15 
   1   5   6 30 29 28 27 25 24 
   4   9   4 29 27 23 21 
   3   8   5 31 29 27 25 23 
   6   4   3 29 26 19 
   3   6   3 27 24 21 
   9   7   4 28 27 25 23 
   8   7   3 30 27 25 
   9   7   3 28 26 25 
   3   5   2 28 25 
  10   4   2 28 27 
   5   4   1 26 
   8   5   1 26 
   3   6   1 32
   2   3   1 32
   1   8   1 32
   8  10   1 32
   5   3   1 32
   9   5   1 32
   7   4   1 32
   0   0   0 
