
  32    1
  10

   0   0   3 2 3 5 
   6   3   3 7 6 4 
   4   5   2 9 4 
   8   3   5 15 13 12 11 10 
  10   5   4 18 15 11 8 
   9   5   3 13 10 8 
   8   3   4 18 15 12 11 
   5   6   2 19 9 
  10   4   2 14 12 
   3   5   5 25 22 19 18 16 
   6   5   2 17 14 
   7   3   4 27 25 17 16 
   9   5   1 14 
   1   9   4 27 25 22 16 
  10   4   3 27 25 16 
   5  10   3 23 21 20 
   7   7   3 23 22 20 
   4   5   2 21 20 
   7   8   2 27 20 
   5   7   2 26 24 
   1   5   2 26 24 
   9  10   2 26 24 
   6   8   2 28 26 
   5   6   2 31 28 
   4   4   2 31 28 
   1  10   3 31 30 29 
   7   9   3 31 30 29 
   5   7   2 30 29 
   3   4   1 32
   6   6   1 32
  10   9   1 32
   0   0   0 
