
  32    1
  10

   0   0   4 2 3 4 7 
   4   5   2 6 5 
   9  10   2 6 5 
   6   8   2 6 5 
   3   5   5 12 11 10 9 8 
   6   6   3 12 10 8 
   7   9   3 12 10 8 
  10   9   3 15 14 13 
   2  10   5 21 18 17 16 15 
   6  10   3 18 17 13 
   5  10   2 15 14 
   3   7   4 21 18 17 16 
  10   6   4 21 20 19 16 
   3   3   4 21 19 18 16 
   9  10   4 31 24 20 19 
   3   8   5 30 25 24 23 22 
   3  10   2 20 19 
   2   9   4 31 24 23 22 
   9   3   4 30 29 25 23 
   7   5   4 30 29 25 23 
  10   8   4 31 28 27 25 
   2  10   4 29 28 27 26 
   2   9   3 28 27 26 
   3   6   3 29 27 26 
   7  10   1 26 
   9  10   1 32
   3   7   1 32
   3  10   1 32
   3   9   1 32
   3  10   1 32
   3   8   1 32
   0   0   0 
