
  32    1
  10

   0   0  10 2 3 4 5 6 9 12 13 18 31 
   8   3   5 29 20 16 10 7 
   8   4   6 29 28 20 19 15 8 
   2   4   6 30 27 26 23 17 14 
   7   5   3 24 20 11 
   4   6   7 29 28 25 24 23 21 19 
   4   5   6 27 26 25 24 22 15 
   5   5   7 27 26 25 24 23 22 21 
  10   8   4 24 22 20 15 
   5   4   5 25 24 23 21 19 
   9  10   4 26 25 22 15 
   9   6   4 25 24 23 21 
   2   8   3 24 22 21 
   2   8   2 21 19 
   9   8   2 23 21 
   7   6   2 28 21 
   7   7   2 22 21 
   5   6   2 23 22 
  10  10   1 22 
   6   6   1 26 
   6   4   1 32
  10   3   1 32
   4   4   1 32
   8   4   1 32
   1   2   1 32
   8   7   1 32
   9   7   1 32
  10   8   1 32
   2   7   1 32
   3   6   1 32
   9   9   1 32
   0   0   0 
