
  32    1
  10

   0   0  10 2 3 4 5 6 7 8 9 11 17 
   7   7   7 30 29 22 19 16 13 10 
   9   9   8 30 28 23 22 20 19 18 15 
   6   7   7 31 30 25 23 22 21 20 
   1  10   5 30 29 20 19 15 
   8   6   5 31 28 27 19 12 
   2   6   4 28 21 16 14 
   7   3   4 31 27 24 14 
   4  10   5 29 25 24 21 18 
   1   5   4 27 25 18 15 
   6   9   4 27 25 24 18 
  10   8   3 25 24 18 
   5   8   3 28 25 24 
   9  10   2 25 18 
   8   6   2 26 24 
   4  10   2 25 24 
   3  10   2 29 27 
   3   9   1 26 
   6   6   1 25 
   6  10   1 27 
   9  10   1 26 
   3   8   1 24 
   6  10   1 24 
   2   4   1 32
   8  10   1 32
   5   8   1 32
   4   7   1 32
   9   6   1 32
   6  10   1 32
   2  10   1 32
   6   8   1 32
   0   0   0 
