
  32    1
  10

   0   0   4 2 3 4 6 
   7   6   3 14 7 5 
   9   7   4 14 10 8 7 
   6  10   3 11 8 7 
   6  10   3 10 9 8 
   2  10   3 16 9 8 
   3   7   2 16 9 
   5   7   4 22 18 15 12 
  10   9   3 22 18 12 
   4   6   3 16 15 13 
  10   9   3 22 14 13 
   2  10   1 13 
   4   8   4 23 20 19 17 
   9   5   3 23 20 18 
   1  10   3 23 20 19 
   9  10   2 23 18 
   5  10   3 25 24 21 
   9  10   1 19 
   5   5   2 25 21 
   6   6   2 25 24 
  10  10   4 31 28 27 26 
   5  10   4 31 30 27 26 
   5  10   1 24 
   6   5   3 31 27 26 
   2   5   2 30 29 
   5   8   1 29 
   1   8   1 29 
   4   7   1 30 
   8   6   1 32
   2  10   1 32
   2   6   1 32
   0   0   0 
