
  32    1
  10

   0   0   8 2 3 4 5 6 7 13 16 
   4   1   6 15 12 11 10 9 8 
   6   5   5 17 14 12 10 8 
   3   4   5 21 20 19 15 11 
   3   2   4 21 20 14 9 
   6   2   6 31 29 22 20 18 17 
   8   3   6 30 24 23 22 21 20 
   6   3   4 24 22 21 18 
   8   3   5 31 29 23 22 17 
   9   2   5 30 24 22 20 19 
   8   2   4 31 22 18 17 
   6   1   4 24 22 19 18 
   5   1   6 31 28 27 24 22 19 
   1   1   4 29 24 22 18 
   2   2   4 29 24 22 18 
   8   2   4 29 23 22 20 
   3   2   5 30 28 27 25 24 
   1   1   4 30 28 27 23 
   6   2   3 29 26 23 
   3   3   3 28 27 26 
   5   1   3 31 29 25 
   3   1   2 26 25 
   9   2   1 25 
   8   2   1 26 
   9   1   1 32
   2   2   1 32
  10   2   1 32
   9   1   1 32
   8   1   1 32
   1   2   1 32
   7   3   1 32
   0   0   0 
