
  32    1
  10

   0   0   7 2 3 4 5 8 9 12 
   4   1   5 19 17 16 14 10 
   2   3   4 16 13 11 6 
   7   1   3 16 11 7 
   2   1   2 17 7 
   9   1   7 31 29 27 20 19 18 17 
   1   3   4 31 23 19 13 
   5   3   4 31 23 19 13 
  10   1   5 31 21 20 18 15 
   2   3   3 23 21 13 
   3   2   4 29 27 18 17 
   5   1   5 31 29 27 22 17 
   7   2   5 29 28 27 20 18 
   6   1   5 31 27 26 22 20 
   7   3   6 29 28 27 26 25 24 
   9   1   5 31 27 25 24 21 
   6   3   4 28 25 23 21 
   6   3   4 30 26 24 22 
   1   4   3 25 24 21 
   3   3   2 25 24 
   5   2   1 26 
   5   2   1 25 
   8   3   1 24 
   8   2   1 32
   8   1   1 32
   2   1   1 32
   3   2   1 32
   7   2   1 32
   3   1   1 32
   6   3   1 32
  10   1   1 32
   0   0   0 
