
  32    1
  10

   0   0  12 2 3 4 5 6 7 8 10 11 12 13 18 
   9   1  10 31 30 29 27 26 25 20 19 15 9 
   1   1   6 30 28 27 26 23 14 
   1   2   5 29 26 25 19 9 
  10   3   6 31 26 25 24 20 17 
   7   2   5 30 27 26 23 14 
   1   2   5 29 27 25 23 16 
   6   3   5 25 23 22 20 19 
   9   2   5 28 24 23 22 21 
   8   1   5 31 30 25 23 22 
   9   2   5 29 27 23 22 21 
   8   3   4 29 24 23 19 
   5   1   4 28 25 22 21 
   5   1   3 24 22 19 
   1   1   3 28 24 22 
   1   4   3 26 24 21 
   1   1   2 22 19 
   7   2   2 27 23 
   1   2   1 21 
  10   2   1 21 
   6   1   1 32
   1   3   1 32
   8   2   1 32
   8   2   1 32
   3   2   1 32
   2   3   1 32
   2   4   1 32
   5   1   1 32
   2   1   1 32
   3   2   1 32
   4   3   1 32
   0   0   0 
