
  32    1
  10

   0   0   4 2 3 4 5 
   3   6   3 8 7 6 
   4   8   4 11 10 9 7 
   7   6   4 11 9 8 7 
   3   9   2 8 6 
   5   8   3 13 11 10 
  10   9   4 20 14 13 12 
   2   6   3 20 17 12 
   6   5   3 16 14 13 
  10   8   4 17 16 15 14 
  10  10   2 20 12 
   1  10   3 21 16 15 
   5  10   2 17 15 
  10   4   4 27 23 21 18 
   9  10   3 27 22 18 
   3   8   4 31 27 25 22 
   9   8   2 22 19 
  10  10   1 19 
   9   6   4 31 30 25 24 
   2   8   4 31 30 25 24 
   6  10   3 30 25 24 
   8   3   2 24 23 
   1  10   3 30 29 26 
   7   9   2 29 28 
   4  10   1 26 
   8  10   1 28 
   3   8   1 28 
   5  10   1 32
   8   9   1 32
   4  10   1 32
   7   2   1 32
   0   0   0 
