
  32    1
  10

   0   0   8 2 3 4 6 7 8 9 10 
   7   1   8 22 21 18 15 14 13 12 5 
   1   4   5 22 21 17 12 11 
   6   6   5 22 21 18 17 11 
  10   5   3 17 16 11 
   6   2   3 21 17 11 
   4   6   3 21 18 17 
  10   6   4 31 23 19 17 
   2   9   4 23 22 20 18 
   1   6   3 21 19 17 
   2   7   4 31 23 20 19 
   9   4   4 31 27 23 20 
   7   4   2 27 17 
   1   9   5 31 30 27 24 23 
   3   4   3 24 23 19 
   7   4   6 30 29 28 27 26 24 
   2   8   3 28 26 20 
   4   9   3 30 25 19 
   3   7   4 29 28 27 26 
   5   5   3 30 29 24 
   8  10   3 31 27 24 
   6   9   3 27 26 24 
   8   5   2 28 26 
   7   6   1 25 
  10   2   1 32
  10  10   1 32
   7   5   1 32
   8   5   1 32
   5  10   1 32
   9   4   1 32
  10   8   1 32
   0   0   0 
