
  32    1
  10

   0   0   7 2 3 4 5 6 8 13 
   2   1   5 19 17 15 14 7 
   3   3   5 21 17 14 12 10 
   8   3   5 23 21 17 16 12 
   6   2   4 21 19 18 10 
   7   2   3 19 11 9 
   4   2   3 24 21 16 
   1   1   3 23 21 16 
   2   1   3 31 24 16 
   7   1   2 24 16 
   8   2   2 31 18 
  10   2   3 25 24 20 
   9   3   3 25 23 20 
   5   3   5 31 30 28 25 24 
   4   1   4 31 25 23 22 
   1   2   3 29 25 20 
   4   3   3 29 25 20 
   9   2   3 29 25 20 
   4   2   6 31 30 29 28 27 25 
   8   1   2 30 22 
   5   1   3 31 28 25 
  10   2   3 28 27 26 
  10   2   3 29 27 26 
   4   4   2 29 27 
   8   2   1 26 
   6   1   1 32
   7   2   1 32
   4   2   1 32
   1   3   1 32
   6   2   1 32
   8   2   1 32
   0   0   0 
