
  32    1
  10

   0   0   4 2 3 5 6 
   3   1   4 12 9 8 7 
   6   2   2 9 4 
   2   2   3 13 10 8 
   5   1   3 13 12 8 
   9   1   2 10 8 
   9   3   3 15 13 10 
   6   2   4 17 15 14 11 
   3   4   4 20 19 17 14 
   7   2   3 20 17 14 
   7   2   5 23 20 19 18 16 
   8   2   2 20 14 
   1   2   3 25 23 19 
  10   1   2 18 16 
   7   4   2 18 16 
   5   1   4 27 25 22 21 
   6   2   4 25 24 23 22 
   5   1   3 27 25 21 
   8   2   3 27 22 21 
   9   4   4 27 26 25 24 
  10   2   2 26 24 
   9   1   2 31 26 
   5   3   2 28 27 
   3   1   3 31 29 28 
   9   3   3 31 30 29 
   9   1   2 29 28 
  10   3   2 31 29 
   6   2   1 30 
   7   1   1 32
   8   1   1 32
   4   3   1 32
   0   0   0 
