
  32    1
  10

   0   0   6 2 3 4 7 8 9 
   7   2   6 23 19 16 14 13 10 
   1   2   4 19 12 11 10 
   2   3   3 23 6 5 
   1   6   3 20 14 13 
   8   7   6 30 26 20 17 16 15 
   4   6   6 30 23 20 18 17 15 
   4   5   4 23 22 19 13 
   9   6   5 26 23 17 16 15 
   3   8   5 30 29 21 20 15 
   2   6   5 26 23 22 21 18 
  10   6   4 30 24 17 16 
  10   8   3 26 18 17 
   8   6   6 31 30 29 25 24 22 
   5   4   4 31 25 24 22 
   2   8   4 29 25 22 21 
   8   8   3 29 25 21 
   7   9   3 29 25 24 
   8   7   3 30 24 21 
   2   4   2 27 24 
   6   4   2 28 27 
   9   6   2 28 27 
   1   4   2 29 27 
   5   6   1 28 
   9   8   1 27 
   8   4   1 27 
   5   8   1 32
   3   7   1 32
   6  10   1 32
   1   5   1 32
   3   7   1 32
   0   0   0 
