
  32    1
  10

   0   0   7 2 3 6 7 8 10 11 
   8   3   5 23 14 12 9 4 
   7   2   3 16 12 5 
   2   6   7 22 20 19 18 16 15 13 
   2   7   4 23 20 13 9 
   5   5   3 23 13 9 
   3   6   2 13 9 
   2  10   4 19 18 15 13 
   8   5   6 31 24 22 21 19 18 
   7  10   6 24 22 21 20 19 18 
   9   8   4 31 29 22 17 
  10   6   4 28 24 18 15 
   1   8   2 31 17 
   2   6   5 29 28 26 24 21 
   2   4   6 31 30 29 27 26 25 
   1   8   5 30 28 27 26 24 
   8   6   4 28 26 24 21 
   5   4   4 29 27 26 25 
   9   9   3 28 27 25 
   8   8   3 28 26 25 
   3   4   2 27 25 
   5   6   2 30 26 
  10   4   2 26 25 
   6   4   1 25 
   7   6   1 32
   3   4   1 32
   1   9   1 32
   6   7   1 32
   1   4   1 32
   1   7   1 32
   4   4   1 32
   0   0   0 
