
  32    1
  10

   0   0   1 2 
   3   1   4 7 6 4 3 
   7   1   4 10 9 8 5 
  10   1   4 10 9 8 5 
   1   2   5 17 16 13 12 11 
   7   1   3 17 13 10 
   6   1   2 17 8 
   5   2   3 16 13 11 
   1   3   3 17 16 12 
   4   1   2 16 11 
   6   1   3 19 18 14 
  10   4   2 19 14 
   3   3   5 28 25 21 20 18 
  10   2   2 23 15 
   9   3   4 28 25 21 20 
   1   3   4 25 23 21 20 
  10   2   4 28 22 21 18 
   6   4   3 31 24 23 
   4   2   4 28 27 26 24 
   8   1   2 27 22 
   5   5   3 31 26 24 
   1   3   2 26 24 
   8   3   2 27 26 
   3   2   2 30 29 
   9   2   1 26 
   6   1   1 29 
   1   2   1 29 
   4   1   1 29 
   2   1   1 32
   1   1   1 32
   1   1   1 32
   0   0   0 
