
  32    1
  10

   0   0   8 2 3 4 6 7 9 10 15 
   9   1   3 19 11 5 
   8   4   6 20 19 17 16 12 11 
   1   6   8 25 21 20 18 17 16 14 13 
   5   4   3 17 13 8 
   8   3   3 19 17 8 
   7   1   5 20 19 18 17 12 
   3   5   5 25 21 20 18 16 
   3   3   3 21 16 11 
   2   5   3 18 17 13 
   7   6   4 29 25 23 13 
   3   3   3 23 21 13 
   1   3   5 31 30 27 24 22 
   1   3   4 30 29 23 22 
   3   6   3 29 25 19 
   5   5   5 31 29 28 27 26 
   5   4   4 31 28 27 26 
   8   6   3 29 26 23 
   6   2   3 28 26 23 
   1   4   2 24 22 
   8   1   3 30 29 26 
   2   1   2 28 26 
   7   6   1 27 
  10   8   1 26 
   2   7   1 26 
   9   3   1 32
   6   3   1 32
   4   3   1 32
   6   5   1 32
   1   3   1 32
   4   6   1 32
   0   0   0 
