
  32    1
  10

   0   0  13 2 3 4 5 6 8 9 11 12 13 14 15 31 
   8   1   5 30 29 26 10 7 
   1   1   9 30 29 28 27 26 22 20 18 17 
   9   1   4 26 24 16 10 
   5   3   3 30 20 10 
   2   1   6 28 26 25 22 19 18 
   6   2   6 27 24 23 22 20 18 
   2   2   6 27 26 24 23 22 18 
   5   2   5 27 26 25 22 18 
   2   3   4 25 22 19 18 
   3   2   4 27 25 23 16 
  10   1   4 29 28 22 18 
   6   1   4 26 23 22 18 
   9   1   3 25 24 22 
   1   1   2 24 19 
   7   1   2 22 21 
   2   4   2 24 23 
   7   4   1 21 
   7   3   1 23 
   5   2   1 21 
  10   2   1 32
  10   2   1 32
   5   1   1 32
  10   2   1 32
   9   3   1 32
   3   1   1 32
   4   1   1 32
   2   3   1 32
   9   6   1 32
   4   2   1 32
   1   1   1 32
   0   0   0 
