
  32    1
  10

   0   0   4 2 3 5 6 
   1   3   3 9 7 4 
   8   4   4 15 14 11 8 
   8   4   4 15 14 11 10 
  10   9   3 15 11 9 
   6   6   1 7 
   6   4   4 15 14 13 11 
   3   6   2 10 9 
   5   4   3 16 13 12 
   2   5   2 13 12 
   8  10   3 21 17 16 
   8   6   3 21 19 17 
   3   5   2 19 17 
   4   9   2 19 17 
   8   6   4 23 22 21 19 
   4   9   2 19 18 
  10   8   2 20 18 
   3   8   5 31 26 24 23 22 
   6   3   2 26 20 
   2  10   3 31 29 24 
   2   5   2 29 24 
  10   4   4 30 29 28 27 
   6   6   3 30 29 28 
   4   7   2 28 25 
   5   3   1 27 
   4   8   1 27 
   1   6   1 32
  10   8   1 32
   8   3   1 32
   9   6   1 32
   6   5   1 32
   0   0   0 
