
  32    1
  10

   0   0   7 2 3 4 5 6 10 11 
   4   1   8 22 21 19 18 14 13 8 7 
   1  10   7 18 16 15 14 13 12 8 
  10   5   6 22 18 16 14 13 8 
   5   6   6 22 20 19 18 12 9 
   3   5   4 22 19 15 14 
   7   7   2 17 12 
   5   5   3 31 24 17 
   3   2   3 31 24 17 
   3   4   3 31 20 17 
   5   5   3 21 20 17 
  10   3   5 31 30 25 24 23 
   3   6   4 31 25 23 20 
  10   7   4 31 25 24 23 
  10  10   4 30 25 23 21 
   8   6   3 31 25 19 
   1   6   4 30 28 25 23 
   8   3   5 30 29 28 27 25 
   2   5   3 29 27 24 
  10   8   4 30 28 27 26 
   1   9   4 29 28 27 26 
   5   9   3 29 27 25 
   2   4   3 29 27 26 
   4   8   2 28 26 
   8   3   1 26 
   8   5   1 32
   1   7   1 32
   8   5   1 32
   3  10   1 32
   4   6   1 32
   9  10   1 32
   0   0   0 
