
  32    1
  10

   0   0  11 2 3 5 6 7 8 9 12 15 16 21 
  10   2   6 31 30 29 18 10 4 
   6  10   7 30 29 28 27 14 13 10 
   5   3   5 28 23 19 17 11 
   1   1   5 27 26 20 19 17 
   1   3   7 30 28 27 26 25 23 18 
   7   9   5 27 26 23 22 17 
   5   7   6 31 27 25 24 23 22 
   6   7   5 26 25 24 23 22 
   8   5   4 26 24 23 19 
   7   4   4 27 26 25 22 
   1   8   4 29 25 24 23 
   5   9   3 26 23 18 
   9   4   3 25 23 18 
   7  10   3 26 24 22 
  10   5   3 25 24 22 
   4   7   2 25 24 
   9   7   1 22 
   8   7   1 22 
  10   5   1 23 
   6   7   1 24 
   7   7   1 32
   5  10   1 32
  10   7   1 32
   3   2   1 32
   1   7   1 32
   3   6   1 32
   4   3   1 32
   3   9   1 32
   2   3   1 32
   6   6   1 32
   0   0   0 
