
  32    1
  10

   0   0   3 2 3 4 
   7   1   2 8 5 
   5   2   2 8 6 
   1   1   1 5 
   2   2   3 11 9 7 
  10   3   3 11 9 7 
   2   3   5 16 15 14 12 10 
   6   2   4 15 13 12 11 
   2   2   3 14 12 10 
   3   2   3 25 17 13 
   8   2   3 20 17 16 
   5   3   6 26 25 24 22 20 19 
   4   1   4 24 22 19 18 
   3   3   4 25 24 19 18 
   7   2   4 26 25 20 17 
   9   3   6 28 26 25 24 22 21 
   7   2   3 27 24 19 
   2   2   2 26 20 
   4   2   2 28 21 
   8   1   2 27 23 
  10   1   1 23 
   3   2   1 23 
   7   2   3 31 30 29 
   5   1   3 31 30 29 
   6   1   3 31 30 29 
   3   2   2 30 29 
   1   1   1 29 
   6   2   1 29 
   6   6   1 32
   5   2   1 32
   9   1   1 32
   0   0   0 
