
  32    1
  10

   0   0   4 2 4 6 9 
   5   1   3 7 5 3 
   3  10   5 14 13 12 10 8 
   6   4   1 5 
   2   4   4 14 13 12 8 
   5  10   4 13 12 10 8 
   2   7   4 15 13 12 11 
   8   6   2 15 11 
   7   8   2 13 12 
   4   6   1 11 
   3   5   3 18 17 16 
   6   5   3 18 17 16 
   7   3   3 27 18 16 
  10   8   2 27 16 
   8  10   1 17 
   2   9   5 24 22 21 20 19 
  10   2   5 27 24 22 21 20 
   2   4   3 22 21 20 
   2   5   5 31 30 26 25 23 
   8   8   4 31 30 25 23 
   2   6   4 31 26 25 23 
   9   4   2 30 25 
   4   8   2 29 28 
   4  10   1 25 
   4   4   1 28 
   4   3   1 28 
   6   3   1 28 
   4  10   1 32
   6   8   1 32
   5   4   1 32
  10   5   1 32
   0   0   0 
