
  32    1
  10

   0   0  11 2 3 4 5 6 7 10 11 16 21 31 
   7   1   8 30 29 28 27 26 20 9 8 
   4   2   9 30 28 27 26 25 19 18 14 13 
   8   2   6 28 27 20 18 14 12 
   7   4   7 30 29 24 19 18 17 15 
   2   2   6 27 26 24 20 18 14 
   7   1   5 27 25 24 22 19 
   7   2   3 24 19 15 
   3   3   3 25 18 14 
   2   3   5 29 25 24 23 22 
   1   2   4 26 25 24 17 
   7   2   4 26 24 23 22 
   1   1   3 24 23 17 
   8   2   2 23 17 
   4   2   2 25 22 
   9   2   2 28 22 
   3   1   1 22 
   9   2   1 22 
   2   2   1 23 
   3   4   1 23 
   9   1   1 22 
   2   3   1 32
   9   2   1 32
   5   1   1 32
   5   1   1 32
   3   1   1 32
   7   2   1 32
   9   4   1 32
   7   1   1 32
   2   3   1 32
   6   1   1 32
   0   0   0 
