
  32    1
  10

   0   0   3 2 3 5 
   8   3   2 14 4 
   6   8   4 15 14 10 6 
   8  10   2 7 6 
   9   9   4 15 11 9 8 
   9   7   2 9 8 
   1  10   2 15 8 
   3  10   4 21 16 13 12 
   5  10   3 21 13 12 
   6   9   5 23 21 18 17 16 
  10   8   2 21 12 
   3  10   4 23 19 18 17 
   7  10   4 23 19 18 17 
   5   6   5 26 21 20 19 18 
   3   6   2 23 16 
   7  10   3 26 24 19 
  10   9   2 26 20 
   6   6   2 24 22 
   5   8   1 22 
   4   6   1 22 
   8   7   1 22 
   3   7   3 31 27 25 
   2   7   3 31 27 25 
   7   7   3 31 29 27 
   6  10   2 30 28 
  10   3   2 29 27 
   3   7   1 30 
   2  10   1 29 
   4   9   1 32
  10   8   1 32
  10  10   1 32
   0   0   0 
