
  32    1
  10

   0   0   3 2 4 6 
   3   1   3 7 5 3 
   9   4   3 11 10 9 
   7  10   3 13 8 7 
   8   4   2 16 8 
  10   6   4 17 16 13 11 
  10   6   4 17 16 14 11 
   3   8   2 12 11 
   4   5   4 17 16 15 14 
   3   8   2 13 12 
   4   8   3 20 18 15 
   6  10   2 17 14 
  10   4   2 21 14 
   6   7   3 22 20 18 
   4   6   4 28 25 22 21 
   1   5   2 23 18 
   3   5   4 28 25 23 22 
   9   7   1 19 
   4   7   6 31 28 27 26 25 24 
   5   3   5 31 28 27 24 23 
   9   8   4 31 27 24 23 
   8   4   4 31 27 26 24 
   6   7   2 30 26 
   2   8   2 30 29 
   7   5   2 30 29 
   6   8   1 29 
   1   6   1 29 
   4   5   1 29 
   4   4   1 32
   9   5   1 32
   3   6   1 32
   0   0   0 
