
  32    1
  10

   0   0   7 2 3 4 5 6 7 9 
   4   1   5 17 13 12 11 10 
   8   5   5 20 18 15 12 8 
   4   5   5 20 18 15 12 11 
  10   8   5 21 19 18 15 11 
   9   5   5 25 19 16 15 10 
   9   8   5 20 19 16 15 13 
   3   4   4 21 19 17 13 
   2   6   3 17 15 14 
   3   4   3 23 20 14 
   5   9   2 25 14 
   9  10   3 31 21 19 
   4   6   1 14 
   7   4   6 31 30 29 27 24 22 
  10   3   5 31 29 27 24 22 
   3   4   5 30 29 27 23 22 
   1   9   4 30 27 23 22 
   6   8   5 30 29 28 27 26 
   9   9   4 29 27 26 23 
   7   8   4 31 29 27 26 
  10   3   3 30 27 26 
   4   7   1 26 
  10   7   1 28 
   7  10   1 28 
   9   7   1 26 
   8   4   1 32
   8   6   1 32
   3   6   1 32
  10   7   1 32
   8   4   1 32
   6   3   1 32
   0   0   0 
