
  32    1
  10

   0   0  12 2 3 4 5 6 7 8 9 10 11 12 16 
   8   1   8 30 29 28 21 20 19 18 15 
   8   7   7 27 26 22 21 17 14 13 
   2  10   7 29 28 27 26 21 20 13 
   1   4   7 28 27 26 25 20 18 17 
  10   3   8 31 30 28 27 26 25 24 23 
   5   7   4 30 29 26 13 
  10   7   5 31 26 25 20 18 
   8   9   5 27 26 25 23 19 
   6   6   5 27 26 24 22 21 
   6   6   4 28 25 21 19 
   6   9   4 26 25 24 20 
   4   4   3 25 24 18 
   6   7   3 25 24 23 
  10   6   2 26 25 
   1   5   2 27 26 
   9   5   1 19 
   8   6   1 23 
   8   5   1 24 
   2   5   1 23 
   2   6   1 23 
   4   6   1 23 
   1   5   1 32
   9   7   1 32
  10   6   1 32
   4   6   1 32
   9   9   1 32
   7   5   1 32
   4   6   1 32
   2   6   1 32
   8   6   1 32
   0   0   0 
