
  32    1
  10

   0   0   9 2 3 4 6 7 8 9 10 12 
   1   1   4 30 29 11 5 
   3   3   9 31 29 27 26 25 22 20 17 14 
   2   4   8 28 26 25 24 22 21 15 13 
   1   6   6 28 22 21 16 15 14 
   9  10   6 26 25 22 18 15 14 
   2   3   5 26 23 18 17 14 
   3   8   6 25 22 21 20 19 15 
   3  10   5 26 23 22 19 17 
   3   7   5 26 22 20 19 17 
   5   5   5 27 25 22 21 19 
   7   7   4 25 24 19 16 
   7   4   3 23 19 16 
   6   8   2 24 19 
   1   6   1 23 
   8   5   1 20 
   1   3   1 21 
   5   5   1 20 
   6   9   1 32
   8   4   1 32
  10   3   1 32
   7   6   1 32
   3   9   1 32
   6   6   1 32
   4   8   1 32
   2   8   1 32
   2   4   1 32
   1   3   1 32
   5   9   1 32
   7   8   1 32
   3   8   1 32
   0   0   0 
