
  32    1
  10

   0   0   9 2 3 4 5 6 7 8 11 14 
  10   3   7 30 28 20 16 13 12 9 
   3   2   6 30 28 27 19 16 10 
   4   8   6 28 22 16 15 13 12 
   4   4   7 30 29 27 26 19 16 15 
   3   3   7 29 28 27 24 21 16 15 
   4   8   6 29 25 20 18 17 12 
   2   3   5 26 24 21 17 15 
   5   6   4 29 24 17 15 
   6   6   2 15 12 
   3   4   3 28 18 17 
   8   6   3 26 24 23 
   3   7   3 27 25 24 
   9   3   3 31 25 24 
   3   2   2 25 23 
   5   7   1 25 
   9   8   1 23 
   8   8   1 24 
   8   7   1 24 
   4   6   1 23 
   1  10   1 23 
   2   7   1 23 
   6   8   1 32
   4   7   1 32
   3  10   1 32
   9   5   1 32
   4  10   1 32
   3   9   1 32
  10   6   1 32
   2   2   1 32
   5   5   1 32
   0   0   0 
