
  32    1
  10

   0   0   9 2 3 4 5 6 7 9 12 13 
   6   1   3 11 10 8 
   5   3   5 23 20 18 16 10 
   3   1   4 20 16 14 10 
   7   1   4 19 16 14 11 
   4   2   4 18 17 15 14 
   1   1   6 31 22 20 19 18 16 
   1   1   5 30 22 19 16 14 
   6   2   6 23 22 21 20 19 16 
   6   3   4 31 21 17 15 
   3   3   6 28 27 23 22 20 18 
   9   3   4 28 20 19 18 
   2   3   3 30 21 15 
   4   2   7 31 29 28 27 26 23 21 
  10   1   3 28 22 19 
   4   3   5 29 28 26 25 24 
   5   1   5 30 29 27 26 24 
   3   1   4 29 26 25 21 
   1   3   4 27 26 25 24 
   9   1   3 30 25 24 
   1   3   1 24 
   6   1   1 25 
   3   2   1 24 
   8   2   1 32
   6   1   1 32
   3   2   1 32
  10   3   1 32
   6   5   1 32
   5   2   1 32
   8   1   1 32
   5   2   1 32
   0   0   0 
