
  32    1
  10

   0   0   5 2 3 4 5 8 
   6   1   3 10 7 6 
   4   2   3 10 7 6 
   1   2   2 7 6 
   7   2   4 15 13 12 11 
   4   2   3 14 13 9 
   1   1   2 11 9 
   5   1   2 11 9 
   5   1   2 15 12 
   2   4   4 21 20 18 15 
  10   1   3 21 18 14 
  10   2   5 23 21 20 19 18 
  10   3   3 30 17 16 
   3   3   3 30 20 17 
   8   3   2 30 16 
   8   2   3 23 22 19 
   6   3   2 22 19 
   3   1   5 30 29 27 25 24 
   2   3   4 29 27 25 24 
   5   1   2 29 22 
   5   2   3 30 27 25 
   9   1   2 27 24 
   3   3   2 27 26 
   3   2   1 26 
   1   1   1 26 
   2   2   1 28 
   2   2   1 28 
   7   4   1 31 
   6   2   1 31 
   2   1   1 31 
   1   2   1 32
   0   0   0 
