
  32    1
  10

   0   0  11 2 3 4 5 7 8 9 11 14 17 21 
  10   2   6 28 19 16 15 12 6 
  10   1   8 30 29 28 26 24 19 18 15 
   3   5   7 31 28 24 20 19 18 15 
   7   7   7 31 29 28 26 18 16 15 
   3   8   7 30 27 25 24 23 22 20 
   3   3   5 31 30 27 26 13 
   1   5   4 29 27 19 10 
   1   5   2 18 16 
   9   6   4 28 24 23 22 
   6   4   4 26 25 23 22 
   4   8   3 29 27 18 
   4   4   3 24 23 22 
   3   9   3 28 25 23 
   6  10   2 27 22 
   1   9   2 24 22 
   9   5   2 26 25 
   5   3   1 25 
   1  10   1 23 
   4   6   1 26 
  10   9   1 23 
   6   9   1 32
   2   8   1 32
   7   2   1 32
   6   7   1 32
   6   9   1 32
   4   3   1 32
   3   5   1 32
   6   8   1 32
   4   5   1 32
   4   5   1 32
   0   0   0 
