
  32    1
  10

   0   0   5 2 3 4 5 7 
   5   1   6 17 16 15 11 10 6 
  10   6   4 16 9 8 6 
   5   9   4 16 15 11 8 
   6   7   4 19 15 13 12 
   3   4   6 31 30 20 19 18 13 
  10   6   7 31 30 21 18 17 16 14 
  10   7   5 31 30 19 18 13 
  10   4   4 30 19 15 13 
  10   6   5 31 30 20 19 13 
   8   5   4 31 30 29 13 
   1   6   6 30 28 22 21 20 18 
   1   4   4 28 22 21 14 
   4   7   4 27 26 24 23 
   7   9   4 31 29 25 21 
   5   4   3 26 24 23 
   4  10   3 28 24 22 
   1   5   3 29 27 25 
   4   9   2 26 21 
  10   4   2 26 24 
   9   7   1 24 
   2   6   1 25 
   9   6   1 25 
   4   4   1 32
   4  10   1 32
   2   9   1 32
  10   6   1 32
   7   7   1 32
   2   2   1 32
   6   6   1 32
  10   4   1 32
   0   0   0 
