
  32    1
  10

   0   0  10 2 3 4 5 6 7 8 9 10 16 
   4   3   9 28 27 25 24 23 19 14 13 11 
   8   4   5 30 27 14 12 11 
   4  10   8 29 26 25 24 23 22 17 13 
  10   6   8 31 28 27 24 23 21 17 14 
   6   8   7 30 25 23 22 17 15 13 
   5   6   6 29 28 24 23 17 13 
  10   7   5 26 23 17 15 14 
   9   6   6 30 28 24 22 21 17 
   1  10   5 29 27 23 22 13 
   5   6   5 26 22 21 18 17 
   3   7   3 25 23 20 
   1   6   2 21 20 
   2   3   2 22 20 
   7   7   2 24 20 
   8   7   2 21 20 
   3   8   1 20 
   6   6   1 20 
   1   6   1 20 
   4   5   1 32
   4   7   1 32
   8   1   1 32
   7   8   1 32
   6   2   1 32
   3   5   1 32
   8   6   1 32
   9   7   1 32
   6   5   1 32
   1   5   1 32
   6   4   1 32
   1   9   1 32
   0   0   0 
