
  32    1
  10

   0   0   7 2 3 5 6 7 9 14 
   1   1   2 10 8 
   4   1   1 4 
   8   2   2 11 8 
   4   1   2 13 10 
  10   2   2 13 10 
   6   3   2 13 10 
   7   3   3 20 13 12 
   1   1   3 20 13 12 
  10   3   2 20 11 
   7   2   1 12 
   7   2   4 22 18 17 15 
   9   2   3 18 17 15 
   8   3   3 20 17 16 
   9   1   1 16 
   8   1   2 21 19 
   8   3   4 30 26 24 21 
  10   1   2 31 19 
   3   2   4 30 26 24 23 
   4   1   2 24 21 
   1   1   2 31 23 
   5   3   4 30 29 28 25 
   4   2   3 29 28 25 
   9   1   3 29 28 27 
   7   2   1 27 
   5   2   1 27 
   2   1   1 32
   2   3   1 32
   4   4   1 32
   2   3   1 32
   2   3   1 32
   0   0   0 
