
  32    1
  10

   0   0   4 2 3 5 6 
  10   1   8 13 12 11 10 9 8 7 4 
   7   1   4 20 17 8 7 
   7   2   6 22 21 17 16 15 14 
   9   3   4 21 17 12 10 
   7   3   5 30 21 18 16 12 
   2   1   4 23 22 16 14 
   3   2   5 30 25 21 19 16 
   1   1   5 31 22 20 19 18 
   7   3   4 29 20 18 14 
   8   1   5 25 22 21 20 19 
   6   3   5 31 29 25 23 19 
  10   2   3 30 19 16 
   1   2   3 30 25 19 
   6   3   3 29 20 19 
   9   2   4 31 28 27 24 
   8   1   4 30 28 26 25 
  10   3   2 25 23 
   3   1   3 28 27 24 
  10   2   3 28 27 24 
   2   2   2 29 23 
   6   2   3 29 27 26 
   1   2   1 24 
   4   1   1 26 
   1   1   1 27 
   7   1   1 32
   3   4   1 32
   2   2   1 32
   2   4   1 32
   3   3   1 32
   6   1   1 32
   0   0   0 
