
  32    1
  10

   0   0   7 2 3 4 5 6 7 14 
   6   1   6 18 16 13 10 9 8 
   8   2   7 21 18 16 13 12 11 10 
   6   3   5 17 16 13 11 9 
  10   2   5 17 16 11 10 9 
   1   1   6 24 21 19 18 16 12 
   6   2   5 21 20 17 16 11 
  10   1   4 24 23 17 12 
   6   1   3 24 23 12 
   1   2   7 31 30 27 23 22 20 19 
   7   1   6 31 29 24 23 19 15 
   6   2   4 31 30 20 15 
   6   1   6 31 30 29 28 23 22 
   8   2   2 19 16 
   8   3   4 28 27 25 22 
   3   3   3 27 23 22 
   7   3   3 30 27 19 
   9   1   3 27 26 23 
   8   1   2 28 25 
  10   3   2 29 26 
   4   4   1 22 
   8   3   1 26 
   2   7   1 25 
  10   1   1 25 
  10   2   1 32
   3   1   1 32
   1   1   1 32
   4   1   1 32
   9   2   1 32
  10   1   1 32
   3   2   1 32
   0   0   0 
