
  32    1
  10

   0   0   4 2 3 4 8 
   9   4   2 6 5 
   6   1   4 15 12 10 9 
   9   6   3 15 9 7 
   2   7   4 15 12 11 10 
   7   6   3 15 12 9 
   7   9   5 16 14 13 12 11 
   9   6   5 16 15 14 13 11 
   5   3   4 16 14 13 11 
   5   5   4 18 16 14 13 
   6   7   3 19 18 17 
   6   9   4 27 20 19 17 
   3   5   3 27 20 19 
   2   8   3 27 22 17 
  10   6   2 22 17 
   2   2   4 27 25 23 21 
   1   6   3 25 23 21 
   3   7   2 27 20 
   4   6   2 23 21 
   4   7   2 24 22 
   3  10   3 31 26 24 
   9   4   2 31 25 
   2  10   1 24 
   5   5   2 30 28 
   6   7   2 30 28 
   8   3   2 30 29 
   9   4   1 28 
   6   7   1 29 
   4   6   1 32
   3   8   1 32
   6   6   1 32
   0   0   0 
