
  32    1
  10

   0   0   6 2 3 4 5 7 8 
   4   1   6 19 17 15 14 12 9 
   6   5   3 17 15 9 
   5   5   1 6 
   2   4   7 31 23 17 16 15 13 11 
   6   7   2 17 9 
   2   9   2 17 9 
   9   6   6 23 17 15 13 12 11 
   2   6   4 31 23 11 10 
   7   8   2 20 13 
   7   7   6 30 28 27 26 22 20 
   5   9   6 30 28 26 22 21 18 
   5   4   6 30 28 27 25 22 18 
   3  10   4 27 26 21 18 
   2   8   4 28 27 26 18 
   3   4   4 28 27 26 20 
   1   9   3 26 22 21 
   7   4   2 29 24 
   2   7   2 28 26 
   6   8   1 21 
   1   7   1 25 
   3   6   1 24 
   1   5   1 27 
   9   4   1 32
   9   6   1 32
   7   4   1 32
   3   4   1 32
   6   6   1 32
   5   5   1 32
   3   6   1 32
   7   6   1 32
   0   0   0 
