
  32    1
  10

   0   0   6 2 6 7 8 11 18 
   1   1   5 31 17 5 4 3 
   9   9   8 29 27 26 15 14 13 10 9 
   2   2   7 30 27 26 25 15 13 12 
   4   8   5 28 26 22 16 14 
   2   8   5 25 24 19 16 12 
   3   7   5 29 27 23 21 17 
   4   8   5 27 26 25 21 13 
   8   3   3 23 20 12 
  10  10   4 25 23 21 20 
   4  10   3 28 21 20 
   9   7   2 22 21 
   3   6   2 22 20 
   1   5   2 24 23 
   4   8   2 24 20 
   5   5   2 21 20 
   3   8   2 22 20 
   9   5   2 22 20 
   9   3   1 23 
   4   3   1 32
   4   3   1 32
  10   6   1 32
   6   7   1 32
  10   7   1 32
   7   2   1 32
   8   9   1 32
   1   5   1 32
   2   4   1 32
   3   6   1 32
   5   8   1 32
  10   7   1 32
   0   0   0 
