
  32    1
  10

   0   0   5 2 3 5 6 7 
   5   1   3 11 10 8 
   5   4   1 4 
   1   2   4 16 12 11 9 
  10   7   4 16 12 11 9 
   9   7   3 12 10 9 
   3   3   3 16 13 11 
   5   5   4 15 14 13 12 
   5   8   4 19 15 14 13 
   6   5   4 24 19 18 16 
   8   3   3 19 15 14 
   5   6   4 24 19 18 17 
   7   3   3 24 20 17 
   6   3   3 23 20 18 
   6   7   2 20 17 
   5   3   2 20 17 
   9   5   3 25 23 21 
   2   3   3 26 25 21 
   6   4   2 23 20 
   3   1   2 26 22 
   2   5   1 22 
   2   4   4 31 30 29 27 
   2   4   3 31 30 26 
   8   3   2 31 26 
   4   3   2 30 27 
   5   3   2 29 28 
   7   3   1 28 
   5   5   1 32
   7   4   1 32
   1   1   1 32
   5   5   1 32
   0   0   0 
