
  32    1
  10

   0   0   8 2 3 4 5 7 8 9 11 
   4   3   4 18 13 12 6 
   3   2   2 13 6 
   2   5   2 13 6 
   7   2   7 31 30 21 18 17 15 14 
   4   4   5 31 22 21 16 10 
   5   3   5 31 21 18 16 10 
   9  10   5 31 30 22 18 17 
   8   3   5 30 22 21 20 18 
   8   1   3 30 17 15 
   6   4   6 30 28 27 22 21 19 
  10   7   4 30 28 23 17 
   5   3   5 28 27 21 20 19 
   4   1   5 28 27 26 22 19 
   9   3   4 29 28 27 19 
   7   3   4 30 26 25 23 
   6   5   3 29 27 20 
   5   2   3 28 27 23 
   5   3   2 25 23 
   8   5   2 26 25 
   5   4   2 26 24 
   4   4   2 29 24 
   7   6   1 24 
   4   2   1 32
   4   3   1 32
   2   5   1 32
   8   3   1 32
   2   6   1 32
   7   8   1 32
   7   2   1 32
   9   8   1 32
   0   0   0 
