
  32    1
  10

   0   0   5 2 3 5 6 11 
   3   3   5 16 15 13 9 8 
   9   9   3 16 15 4 
   7   8   4 20 17 13 8 
   2  10   3 22 20 7 
   3   3   6 22 19 17 15 13 10 
   2   6   6 21 19 17 15 13 12 
   4   7   5 31 22 19 18 10 
   8   8   5 30 22 19 17 14 
   5   9   3 24 21 12 
   5   8   3 24 21 12 
   2   9   6 30 29 28 27 25 23 
   4  10   4 30 28 25 18 
   2  10   4 28 24 23 20 
   6   9   4 29 28 24 23 
   9  10   3 30 28 18 
   1  10   5 31 29 28 27 26 
   2   6   2 27 23 
   5  10   2 28 27 
   8   7   2 29 26 
   3  10   1 23 
  10   8   1 23 
   8   6   1 26 
   5   8   1 27 
   9  10   1 26 
  10  10   1 32
  10   8   1 32
   5  10   1 32
   5   5   1 32
   8   6   1 32
   6   7   1 32
   0   0   0 
