
  32    1
  10

   0   0   4 2 3 5 6 
   7   7   3 8 7 4 
   5   5   2 7 4 
   2  10   4 13 11 10 9 
   3  10   3 11 10 7 
   9   4   3 13 11 10 
  10  10   4 20 14 13 12 
  10   5   2 13 10 
   3  10   5 20 19 18 15 14 
   4  10   4 20 18 16 12 
   8   8   3 20 15 14 
   9   5   3 25 19 17 
   6   6   3 25 19 18 
   5   6   2 17 16 
  10  10   2 17 16 
   5   4   5 27 26 25 24 23 
  10  10   3 24 22 21 
  10  10   3 24 22 21 
   8   9   2 26 21 
   2  10   2 26 21 
   8   8   3 30 27 23 
   9   5   4 31 30 29 27 
   3   7   3 31 29 28 
   8   9   3 30 29 28 
   9  10   3 30 29 28 
   3  10   2 29 28 
   8  10   1 28 
   5   7   1 32
  10  10   1 32
   4   7   1 32
   6   8   1 32
   0   0   0 
