
  32    1
  10

   0   0  10 2 3 4 5 6 8 9 13 15 20 
   6   3   5 30 28 27 10 7 
  10   6   8 31 30 29 28 26 25 17 11 
   3  10   8 28 27 25 18 17 16 14 12 
   8   2   7 26 25 24 19 18 17 16 
   8  10   4 29 25 17 12 
  10  10   4 25 21 18 14 
   6   6   5 28 27 25 21 17 
   5   8   5 29 26 24 21 18 
   8   5   4 25 24 21 17 
   5   8   3 24 23 16 
   5   6   4 26 24 22 21 
   8   7   3 24 21 17 
   6   5   3 26 23 22 
   7   4   3 27 22 21 
   7   3   2 22 21 
   3   4   1 23 
   2   8   1 22 
   2   8   1 22 
   1   7   1 25 
   4   5   1 32
   2   7   1 32
  10  10   1 32
   7   4   1 32
   4   4   1 32
   9   2   1 32
   9   5   1 32
   6   5   1 32
   1   3   1 32
   3   7   1 32
   7   8   1 32
   0   0   0 
