
  32    1
  10

   0   0   4 2 3 4 8 
   1   1   3 9 7 6 
  10   2   1 5 
   3   5   6 17 16 15 13 12 10 
   4   4   4 13 12 11 10 
   4   2   4 13 12 11 10 
   4   4   4 13 12 11 10 
   8   3   4 17 12 11 10 
  10   2   5 17 16 15 13 12 
   1   4   2 18 14 
   4   3   2 16 15 
   3   3   3 20 19 18 
   4   3   1 14 
   3   6   3 21 20 19 
   2   3   3 22 21 20 
   6   5   3 26 20 19 
  10   7   3 22 21 20 
   2   8   4 27 25 22 21 
   4   4   3 31 25 22 
   3   2   4 31 30 27 25 
   1   7   3 31 26 24 
   8   2   1 23 
   2   3   2 30 24 
   2   4   2 29 28 
   3   4   2 29 28 
   6   4   2 29 28 
   6   6   2 29 28 
   6   1   1 32
   9   3   1 32
   2   6   1 32
   1   9   1 32
   0   0   0 
