
  32    1
  10

   0   0   8 2 3 4 5 7 8 9 15 
   7   3   7 27 25 14 13 12 11 6 
   5   6   9 29 28 27 25 24 21 17 16 14 
   4  10   4 17 16 13 10 
   9   8   8 27 26 25 24 23 21 20 13 
   6  10   8 31 30 28 23 22 20 19 18 
   2   7   6 27 26 24 23 21 13 
  10   9   5 28 27 25 16 14 
   5  10   3 26 22 10 
   7   6   5 25 24 23 21 20 
  10  10   4 29 24 22 16 
   8  10   3 23 20 19 
   2  10   2 22 19 
  10   8   2 26 19 
   7   6   2 28 22 
   4   6   1 20 
   4   7   1 19 
   3  10   1 21 
   3  10   1 32
   6   5   1 32
   1   8   1 32
   2   6   1 32
   8   5   1 32
   1   9   1 32
   2  10   1 32
   4   9   1 32
   3  10   1 32
   1   7   1 32
   8   6   1 32
   7   9   1 32
   4  10   1 32
   0   0   0 
