
  32    1
  10

   0   0  10 2 3 4 5 6 8 9 13 16 19 
   2   1   5 30 27 21 11 7 
   1   5   8 30 28 27 25 21 15 14 12 
   1   6   7 31 30 27 21 18 14 11 
   6   9   5 31 26 20 11 10 
   3   8   6 29 27 25 23 22 21 
   6   4   5 29 28 26 25 14 
   5   5   6 31 28 27 25 24 20 
   8   3   5 29 24 23 22 17 
   1   5   3 25 23 21 
   1   4   3 28 24 23 
   5   9   3 26 24 23 
   5   5   3 26 25 24 
   2   8   2 24 20 
   9   8   2 24 20 
   3   5   2 23 21 
   7   5   2 27 26 
   3  10   2 25 23 
   4   5   1 20 
   1   8   1 23 
   7   6   1 24 
   9  10   1 26 
   7   7   1 32
   4   5   1 32
   8   1   1 32
   2   8   1 32
   3   7   1 32
   2   5   1 32
   8   7   1 32
   1   7   1 32
   5   4   1 32
   0   0   0 
