
  32    1
  10

   0   0   8 2 3 4 5 6 7 9 12 
   6   8   7 19 18 17 15 13 11 10 
   9   6   3 13 11 8 
   7   6   2 11 8 
   3  10   7 31 26 24 19 18 16 15 
   6   5   4 26 18 15 13 
   9   9   6 31 24 20 18 17 16 
   8   9   5 31 26 24 18 15 
   6  10   4 25 20 18 14 
  10   7   3 24 20 14 
   5  10   4 31 24 23 16 
   1  10   5 30 25 22 21 20 
   8   7   3 31 24 16 
   6  10   3 31 23 16 
   6  10   3 25 21 20 
   6  10   5 30 29 28 22 21 
  10   5   5 29 28 26 22 21 
   2   7   4 30 28 22 21 
   1   6   4 28 23 22 21 
   6   8   3 29 28 23 
   9   9   1 27 
   6   6   1 27 
  10  10   1 27 
   5   6   1 27 
   3   6   1 27 
   7  10   1 27 
   4   6   1 32
   7   8   1 32
   5   9   1 32
   5   7   1 32
   9  10   1 32
   0   0   0 
