
  32    1
  10

   0   0   3 2 4 5 
   8   1   3 8 7 3 
   2   2   3 10 9 6 
   9   3   3 9 7 6 
   7   1   3 16 14 9 
   3   4   4 16 14 12 11 
  10   1   4 16 15 14 12 
  10   3   3 16 12 11 
   3   2   2 12 11 
   1   3   5 21 18 16 15 14 
   7   1   3 18 15 13 
   7   1   3 20 18 13 
  10   2   3 22 21 17 
   2   2   2 22 17 
   8   2   2 20 19 
   3   4   2 20 19 
   2   2   3 26 25 19 
   8   2   3 26 25 19 
   2   4   3 31 27 23 
   1   2   4 30 29 26 25 
  10   1   4 31 30 28 24 
   9   2   1 23 
  10   4   3 30 28 24 
   3   1   1 29 
   9   1   1 31 
   8   2   1 28 
   1   1   1 28 
   4   1   1 32
   7   2   1 32
   6   2   1 32
  10   1   1 32
   0   0   0 
