
  32    1
  10

   0   0   2 2 7 
   1   5   3 9 4 3 
   9   9   3 11 6 5 
   6  10   2 8 5 
   1   5   3 15 12 10 
   4   9   3 15 12 10 
   9  10   2 15 8 
   5   5   3 14 13 12 
   9   6   4 20 19 15 13 
   8  10   3 19 14 13 
  10   8   3 19 16 14 
   7  10   3 19 17 16 
   6  10   2 17 16 
  10   8   3 20 18 17 
   3   8   3 22 21 17 
   2   8   3 25 21 18 
   2  10   4 31 28 25 23 
   1   6   3 31 24 22 
   8   9   3 31 27 23 
   7   8   2 25 24 
   5   5   1 23 
   4   7   3 30 27 26 
   5   8   1 24 
   3   7   2 30 26 
   9   9   2 30 27 
   6   5   1 29 
   8  10   1 29 
   5   9   1 30 
   6   7   1 32
   7   9   1 32
   3  10   1 32
   0   0   0 
