
  32    1
  10

   0   0   7 2 3 4 6 7 9 10 
  10   1   4 25 16 13 8 
   1   3   3 16 15 5 
   6   3   4 22 16 14 11 
   3   5   3 25 13 12 
   2   3   5 30 25 24 16 13 
   7   3   3 22 15 13 
  10   2   4 22 18 17 15 
   5   5   7 30 25 24 23 22 18 16 
   2   9   7 31 30 29 23 22 19 18 
   8   2   9 31 30 29 28 25 24 23 21 20 
   9   6   6 30 29 24 23 22 18 
   8   7   6 31 29 28 23 19 18 
   4   3   6 30 29 28 25 24 18 
   9   5   7 30 29 28 24 23 21 20 
   3   5   4 29 28 21 20 
   1   3   5 31 30 28 27 26 
   6   6   2 21 20 
   8   5   1 20 
  10   2   2 27 26 
   6   4   2 27 26 
   7   4   2 28 27 
   3   3   1 27 
   7   4   1 26 
   5   4   1 26 
   9   2   1 32
   2   5   1 32
   1   4   1 32
   1   6   1 32
   4   5   1 32
   8   1   1 32
   0   0   0 
