
  32    1
  10

   0   0   4 2 3 5 9 
   1   1   4 14 10 7 4 
   7   6   3 14 7 6 
   3   7   3 13 12 6 
   5   3   2 16 8 
   4   6   2 16 11 
   6  10   2 16 12 
   3   4   2 13 11 
   2   6   2 15 14 
   8   5   3 18 16 15 
   4   7   2 18 15 
   5   7   2 18 15 
   4   6   2 18 15 
   2   9   3 18 17 16 
   8   8   5 23 21 20 19 17 
   2   6   3 23 21 19 
   2   8   2 27 22 
   5   8   2 27 22 
   9   3   2 31 22 
   5   2   3 27 26 25 
   8   5   3 30 27 26 
   6   7   2 25 24 
   7   9   2 26 25 
   9   4   2 30 26 
   1   4   3 30 29 28 
  10   8   2 29 28 
   3  10   1 31 
   3   4   1 32
   8   5   1 32
   8   7   1 32
   9   5   1 32
   0   0   0 
