
  32    1
  10

   0   0   4 2 3 6 8 
   4   4   2 5 4 
   3  10   1 4 
   9   6   3 13 10 7 
   3   8   3 13 10 7 
   6  10   3 13 10 7 
  10  10   3 16 11 9 
   6   8   3 16 10 9 
   3   8   2 18 14 
   5   6   2 18 14 
   7   8   1 12 
   1  10   4 20 18 17 15 
   3   7   4 20 18 17 16 
   5   9   3 20 17 15 
   1   8   5 25 24 22 21 19 
  10  10   4 25 22 21 19 
   5   8   4 30 28 24 21 
   2   4   6 31 30 28 26 25 24 
   6  10   5 31 30 28 27 23 
  10  10   5 30 28 26 25 24 
   5   9   2 31 23 
   2   5   2 28 23 
   2   6   2 29 26 
   6   8   1 27 
   2   5   1 27 
   3  10   1 32
   2   8   1 32
   9  10   1 32
   4   5   1 32
   8  10   1 32
   5  10   1 32
   0   0   0 
