
  32    1
  10

   0   0   3 2 3 4 
   4   3   5 12 10 8 7 6 
   9  10   5 12 11 10 8 6 
   5   6   2 10 5 
   7  10   3 12 8 7 
   9   4   3 16 15 9 
   1  10   2 15 9 
  10   6   5 19 18 16 14 13 
  10  10   4 19 18 14 13 
   7   7   4 19 18 17 13 
   4   9   4 20 19 15 14 
   2   8   3 18 14 13 
   4  10   4 28 25 22 20 
   9   2   2 28 17 
  10  10   4 28 26 25 21 
   3   8   3 22 21 20 
   3   9   2 22 21 
   3  10   2 22 21 
  10  10   2 22 21 
   5  10   3 26 24 23 
   8   6   2 24 23 
   6   4   2 27 26 
   9  10   2 31 27 
  10   7   2 31 27 
  10  10   2 31 27 
   6   7   3 31 30 29 
   6  10   2 30 29 
   9  10   2 30 29 
   2  10   1 32
   4   5   1 32
   5   9   1 32
   0   0   0 
