
  32    1
  10

   0   0   8 2 3 4 5 6 8 10 11 
   6   1   5 25 14 13 12 7 
   1   3   4 25 18 13 9 
   5   3   3 20 12 7 
   3   1   3 20 12 7 
  10   2   4 25 22 18 13 
   8   4   6 31 22 21 18 17 16 
   4   1   6 30 22 21 20 19 17 
   6   2   5 22 21 20 17 16 
   2   2   3 22 19 15 
   4   2   5 30 23 22 21 18 
   4   3   4 31 30 21 18 
   1   2   3 21 20 16 
   6   2   4 31 30 29 19 
   9   2   4 30 29 27 20 
   2   2   4 30 27 26 23 
   5   3   4 29 27 26 23 
  10   1   1 19 
   7   2   3 28 27 24 
   7   2   3 31 26 23 
   4   1   3 29 27 26 
   9   1   2 29 27 
   9   1   1 28 
   4   2   1 26 
   7   5   1 30 
   6   3   1 32
   6   3   1 32
   7   1   1 32
   6   1   1 32
   5   1   1 32
   4   1   1 32
   0   0   0 
