
  32    1
  10

   0   0   7 2 3 4 5 6 7 8 
   4   6   5 20 19 15 13 9 
   5   4   7 20 19 17 16 13 12 11 
   5  10   6 31 20 19 16 11 10 
   2  10   7 19 18 17 15 13 12 11 
   1   4   5 31 17 16 12 11 
   3   5   4 20 16 14 13 
   2  10   6 31 30 22 21 17 16 
   9   7   4 30 17 16 12 
  10   9   3 18 17 12 
   2   8   6 30 28 26 23 22 21 
   7   8   5 28 26 23 22 21 
   4   7   6 31 30 27 26 25 21 
   4   7   6 28 27 26 25 23 21 
   9   9   5 29 28 26 23 22 
   5  10   4 28 27 23 18 
   4   4   5 28 27 26 25 23 
   9   6   3 26 25 24 
   5  10   3 29 25 24 
   7  10   3 28 25 24 
   6  10   2 29 24 
  10   9   2 27 25 
  10  10   1 24 
   6   8   1 32
   3  10   1 32
   3   9   1 32
   9   6   1 32
   1   9   1 32
   3  10   1 32
   9   6   1 32
   4   9   1 32
   0   0   0 
