
  32    1
  10

   0   0   7 2 3 4 5 6 7 10 
   5   1   7 28 27 17 13 12 11 8 
   9   2  10 28 27 26 23 19 17 16 14 13 9 
   9   3   8 31 28 27 24 23 14 13 11 
   5   3   9 29 28 27 26 25 23 21 16 13 
   9   2   5 29 23 21 13 11 
   2   3   4 23 18 15 14 
   8   4   6 30 29 24 23 21 20 
   5   4   5 30 25 24 22 21 
   9   1   5 25 24 23 21 20 
   7   3   4 26 25 22 20 
   3   2   2 22 14 
  10   1   2 22 20 
   4   1   2 21 20 
   2   2   2 24 22 
   3   2   1 22 
   1   1   1 21 
   3   1   1 20 
   2   2   1 20 
   1   3   1 32
   9   1   1 32
   2   1   1 32
   3   2   1 32
   3   1   1 32
   3   2   1 32
   5   3   1 32
   7   1   1 32
   7   1   1 32
   6   3   1 32
   1   3   1 32
   8   1   1 32
   0   0   0 
