
  32    1
  10

   0   0  10 2 3 4 5 7 10 11 12 14 17 
  10   6   5 31 29 13 9 6 
   3   8   6 30 27 26 24 18 8 
   2  10   9 31 29 28 27 26 24 22 20 19 
   8   9   5 30 26 25 18 15 
   2  10   4 27 24 18 15 
   8  10   4 28 25 18 15 
   5   7   4 29 28 21 15 
   1   6   4 26 22 21 16 
   7  10   4 26 25 23 19 
   2   9   2 19 15 
   7   5   2 19 15 
  10   6   3 28 25 21 
   6  10   3 25 22 21 
   1  10   2 23 22 
   6   5   2 27 24 
   8   5   2 24 23 
   6   8   1 19 
   4   8   1 21 
  10   8   1 21 
   3   8   1 32
   2  10   1 32
   2   7   1 32
   1   8   1 32
   4  10   1 32
  10  10   1 32
  10   9   1 32
   7   6   1 32
   2  10   1 32
   2   3   1 32
  10   9   1 32
   0   0   0 
