
  32    1
  10

   0   0   6 2 3 4 7 8 13 
  10   3   3 12 11 5 
   8   8   4 12 11 10 9 
  10   4   2 12 9 
   7   6   1 6 
   1  10   2 14 10 
   9   4   2 14 10 
   9   6   1 9 
   7   5   3 21 20 14 
   7   6   5 21 20 17 16 15 
   7   5   5 21 20 17 16 15 
   4   5   2 20 14 
   9   6   4 20 17 16 15 
   7   4   3 17 16 15 
   2  10   4 24 23 19 18 
   2   5   3 25 24 23 
   2   5   3 27 24 19 
   3   5   3 29 26 25 
   5   4   1 22 
   5   7   1 22 
   9   6   1 23 
   8  10   2 29 26 
  10   3   2 29 26 
  10   7   2 29 28 
   3   7   1 27 
   9   6   1 28 
   1   6   1 28 
   1   6   1 30 
   3   7   1 30 
   5  10   1 31 
   3   4   1 32
   0   0   0 
