
  32    1
  10

   0   0   3 2 7 9 
   1   3   4 11 5 4 3 
   8   5   2 8 6 
   8   8   2 10 8 
   9   9   1 6 
   7   5   3 17 14 10 
   3   5   2 17 10 
   9   6   3 17 14 13 
   4   3   1 10 
   9   9   2 13 12 
   9  10   2 14 13 
   6   5   4 19 18 16 15 
   6   5   4 23 21 19 16 
   9   4   3 19 18 15 
   6   3   4 31 24 23 20 
   7   5   4 31 24 22 20 
   1   7   4 31 24 22 20 
   7   5   3 24 22 20 
   6   5   4 27 25 24 22 
   8   6   4 30 27 26 25 
   7   5   4 30 27 26 25 
   3   5   3 30 29 26 
   9   7   3 30 27 26 
   7   8   2 29 26 
   8   7   2 29 28 
  10  10   1 28 
   4   5   1 28 
   6   7   1 32
   1   4   1 32
   5   9   1 32
   3   5   1 32
   0   0   0 
