
  32    1
  10

   0   0   7 2 3 4 5 8 9 12 
   5   1   4 14 13 11 6 
   7  10   5 22 18 17 15 10 
   2   4   3 16 10 7 
   6   7   5 21 20 19 18 15 
   9   4   2 15 10 
   7   4   4 31 20 19 14 
   1   9   7 31 26 25 23 19 18 17 
  10   5   5 31 30 19 18 16 
   7   7   7 31 26 25 23 21 20 19 
   1   3   7 31 30 26 25 23 21 18 
   8   5   5 31 30 29 20 16 
   4   7   6 31 30 25 23 20 18 
   2   4   5 26 25 23 22 18 
   7   7   4 31 30 29 16 
   8   3   3 26 25 23 
  10   7   4 30 29 28 24 
  10   6   3 29 28 27 
   3   6   2 29 24 
   8   8   2 28 24 
   7   6   2 28 27 
   4   7   2 30 27 
   6   6   1 24 
   6   6   1 27 
   2   3   1 28 
   5   7   1 28 
   5   6   1 32
  10   6   1 32
   7   9   1 32
   3   8   1 32
   9   9   1 32
   0   0   0 
