
  32    1
  10

   0   0   9 2 3 4 5 6 7 8 9 13 
   6   9   6 17 16 15 14 12 11 
   8  10   4 17 14 11 10 
   3   9   4 22 17 14 10 
   1   5   7 31 30 22 20 18 17 15 
  10   2   5 30 22 16 15 12 
  10   6   2 16 11 
  10   8   7 31 30 29 28 21 18 16 
   7  10   6 30 22 21 18 17 16 
   8   8   4 31 30 16 15 
   9   6   7 31 30 28 25 22 21 18 
   9   6   6 29 28 26 21 20 18 
   1   6   3 21 18 16 
   6  10   3 28 20 18 
  10   5   6 29 28 27 25 23 21 
   7   8   3 26 20 19 
   7  10   3 29 26 19 
   3  10   2 27 19 
   7   9   2 24 23 
   7   7   2 25 23 
   2   7   1 24 
   4   8   1 26 
   2   9   1 32
   6   9   1 32
  10  10   1 32
   8   9   1 32
   6  10   1 32
   3  10   1 32
  10   8   1 32
   3   6   1 32
   8  10   1 32
   0   0   0 
