
  32    1
  10

   0   0   4 2 3 6 8 
   7   1   2 5 4 
   1   4   1 4 
   5   8   3 10 9 7 
   1   5   2 12 7 
   8   7   3 14 13 12 
  10   8   2 20 11 
   6   1   2 20 11 
   3   4   5 20 18 15 14 13 
   9   1   2 13 12 
   3   6   4 18 15 14 13 
   3   2   4 21 20 18 15 
   9   5   3 22 17 16 
   4   4   4 23 22 21 19 
   4   4   3 24 23 19 
   9   4   3 25 23 21 
   6   3   2 24 19 
   6   7   1 19 
   1   2   3 27 26 25 
   4   3   3 27 26 25 
   3   3   3 28 27 26 
   8   5   2 30 25 
   3   3   3 31 30 29 
   4   2   3 31 30 29 
   8   1   2 31 28 
  10   6   2 30 29 
  10   3   2 30 29 
   4   8   1 29 
   7   4   1 32
   7   2   1 32
  10   4   1 32
   0   0   0 
