
  32    1
  10

   0   0   4 2 3 5 6 
   4   6   6 31 19 11 10 9 4 
   9  10   5 25 22 19 8 7 
  10  10   6 25 22 17 13 12 8 
   6   7   4 22 14 12 7 
   3   9   4 25 19 11 10 
   2  10   3 31 13 10 
   1   8   4 21 16 15 14 
   3   5   4 28 25 20 15 
   4   6   3 20 16 15 
   7   8   3 22 18 13 
   9   9   3 28 27 15 
   4   8   4 28 23 21 20 
   7  10   4 29 28 23 20 
   2   7   2 30 18 
   2   9   4 30 29 28 23 
   1  10   3 24 23 20 
   3   8   3 29 24 23 
   9   7   3 28 27 24 
   2   9   2 27 26 
   1   7   2 27 26 
   3   7   2 28 27 
   7   4   1 26 
   3  10   1 26 
   2  10   1 26 
   1  10   1 32
   1  10   1 32
   8   6   1 32
   1   5   1 32
   6   7   1 32
  10   8   1 32
   0   0   0 
