
  32    1
  10

   0   0   5 2 3 4 5 9 
  10   1   7 13 12 11 10 8 7 6 
   3   2   5 16 13 12 11 7 
  10   7   4 13 11 10 6 
   4   1   4 16 12 11 10 
   2   5   3 16 15 14 
   6   1   3 18 15 14 
   7   5   3 18 15 14 
   1   5   3 16 15 14 
  10   3   2 15 14 
   5   4   2 17 14 
   8  10   2 18 14 
   3   3   3 21 18 17 
  10   5   3 21 20 19 
   3   4   2 21 17 
   9   4   2 20 17 
   5   4   1 19 
   1   3   1 19 
  10   2   4 25 24 23 22 
   7   6   3 26 24 22 
   6   9   2 25 23 
   7   2   3 30 28 27 
  10   4   3 30 29 28 
   2   7   2 29 28 
   3   4   1 26 
   9   3   1 28 
   6   5   1 29 
   7   2   1 31 
   7   3   1 31 
   8   4   1 31 
   6   2   1 32
   0   0   0 
