
  32    1
  10

   0   0   9 2 3 4 6 7 8 9 12 13 
   3   1   5 21 19 17 15 5 
   1   4   6 21 19 18 17 15 14 
   4   2   5 22 19 17 16 14 
   5   3   3 23 16 11 
   7   8   3 19 15 10 
   5   3   4 23 17 15 14 
   1   2   4 23 17 15 14 
  10   2   4 18 17 15 14 
   9   4   5 31 24 23 22 14 
   3   6   2 18 14 
  10   6   4 31 24 22 14 
  10   5   6 31 25 24 23 22 20 
  10   2   3 26 25 20 
   2   7   4 31 29 26 22 
   1   4   5 31 30 29 28 27 
   7   2   4 31 29 28 24 
   7   5   3 31 24 22 
   6   5   3 31 30 23 
   8   3   4 30 29 28 27 
   1   3   2 30 22 
   1   4   2 28 27 
   1   6   2 29 27 
   8   5   1 27 
  10   4   1 30 
   3   4   1 28 
   1   5   1 32
   8   3   1 32
   1   5   1 32
   6   5   1 32
   6   2   1 32
   0   0   0 
