
  32    1
  10

   0   0   6 2 3 4 7 8 13 
   6   8   3 11 6 5 
   9   9   3 11 10 5 
   7   9   2 11 5 
   9   9   2 12 9 
   7   6   2 12 9 
   6   6   2 11 9 
   7  10   2 12 9 
   5   7   4 20 16 15 14 
   8   7   4 18 16 15 14 
   6   7   4 20 18 16 15 
   9  10   4 19 18 17 15 
   2  10   3 20 19 16 
   3  10   2 19 17 
   4  10   4 25 23 22 21 
   1   8   1 17 
  10   8   4 26 25 23 22 
   5   5   4 26 25 23 22 
   5   7   3 25 24 21 
   1   7   3 25 24 21 
   5   5   3 30 28 26 
   9   2   2 28 24 
   8   9   3 31 30 27 
   2   7   2 30 27 
   3   8   2 30 29 
   8   9   1 27 
   4   9   1 29 
   3  10   1 31 
  10  10   1 32
   5  10   1 32
   5   8   1 32
   0   0   0 
