
  32    1
  10

   0   0  11 2 3 4 5 6 7 8 10 12 16 20 
   6   2   7 31 30 26 24 18 13 9 
   1   3   5 30 26 24 15 9 
   3   8   6 29 26 25 24 23 11 
   6  10   5 28 25 24 23 11 
   7   7   4 25 24 19 11 
   8   6   5 28 26 25 22 14 
   2  10   4 26 24 23 11 
   9   5   3 25 23 11 
  10   5   5 26 25 23 22 21 
  10  10   3 27 21 17 
   7   5   3 26 21 17 
  10   8   3 29 28 25 
   7   5   3 24 23 21 
  10   4   2 21 18 
   5   2   2 26 24 
   8   6   1 22 
   4   6   1 22 
   6  10   1 23 
   2   4   1 21 
   4   5   1 32
   1   5   1 32
   8   3   1 32
   7   7   1 32
   8   5   1 32
   1  10   1 32
   2   9   1 32
   6   6   1 32
   4   2   1 32
   9   6   1 32
   8   6   1 32
   0   0   0 
