
  32    1
  10

   0   0  12 2 3 4 5 6 7 8 9 10 11 12 14 
   4   1   7 31 30 23 22 17 15 13 
  10   1  10 29 28 27 26 23 22 21 20 19 15 
   9   2   8 29 28 26 24 21 20 19 16 
   2   2   7 31 30 29 25 21 19 16 
   4   2   7 29 27 26 23 20 19 15 
   8   3   7 27 26 25 24 22 19 17 
   2   6   8 31 30 28 26 25 23 20 19 
   3   1   6 28 27 21 20 19 16 
   8   3   5 28 26 20 19 18 
   2   2   4 26 24 19 17 
   8   2   5 27 25 24 22 20 
   8   2   3 28 20 19 
   1   1   3 22 21 19 
   5   3   2 25 24 
   1   1   2 23 22 
   2   2   2 21 20 
   9   4   1 27 
   7   1   1 32
   7   2   1 32
   4   1   1 32
   9   1   1 32
   6   1   1 32
   4   2   1 32
   4   2   1 32
   3   2   1 32
   5   2   1 32
  10   3   1 32
   4   1   1 32
   8   3   1 32
   4   1   1 32
   0   0   0 
