
  32    1
  10

   0   0   3 2 3 4 
   2   1   4 11 9 8 6 
   8   7   2 10 5 
  10  10   1 5 
   8   7   2 11 7 
   1   4   2 10 7 
   6   5   3 15 13 12 
   3   6   2 15 10 
   1   5   3 15 14 13 
   4  10   4 24 18 17 14 
   5   6   4 24 17 16 14 
   6  10   3 24 16 14 
   8   7   3 21 18 17 
   4   3   3 21 20 19 
   2   5   3 20 19 16 
   7   7   4 28 27 23 22 
   9   2   1 19 
   6   5   1 19 
   2   7   4 28 27 25 22 
  10   7   3 28 23 22 
   2   8   3 28 26 23 
   7   7   2 31 26 
   7   4   2 30 25 
   1   7   2 30 28 
   2   7   2 31 29 
   4   5   2 30 29 
   5   6   2 30 29 
   6   7   1 29 
   8   3   1 32
   2   2   1 32
   4  10   1 32
   0   0   0 
