
  32    1
  10

   0   0  11 2 3 4 5 8 9 10 11 12 19 20 
  10   1   5 31 30 27 14 6 
   6   3   4 31 29 13 7 
   4   2   6 27 25 23 17 16 15 
   8   3   7 29 28 27 26 25 23 15 
   9   2   5 29 28 25 23 15 
   4   2   5 27 25 23 21 16 
   8   1   5 29 26 23 18 15 
   4   2   3 16 15 14 
   5   1   5 27 26 24 22 18 
   7   1   5 26 25 23 22 18 
   4   1   5 30 28 23 22 21 
   3   2   4 28 26 23 22 
   5   4   3 24 22 18 
   7   2   2 22 21 
   6   1   2 24 22 
   3   3   1 18 
   7   1   1 21 
   5   2   1 23 
   9   2   1 21 
   4   2   1 32
   3   1   1 32
   5   2   1 32
   8   3   1 32
   4   1   1 32
   7   3   1 32
   8   1   1 32
   3   3   1 32
   2   2   1 32
   9   3   1 32
   7   3   1 32
   0   0   0 
