
  32    1
  10

   0   0   6 2 3 4 7 8 9 
   8   1   6 23 19 16 14 13 10 
   5   6   4 19 12 11 10 
   5   9   3 23 6 5 
   2   4   3 20 14 13 
   4   2   6 30 26 20 17 16 15 
   2   3   6 30 23 20 18 17 15 
   6   3   4 23 22 19 13 
   9   1   5 26 23 17 16 15 
   1   3   5 30 29 21 20 15 
   2   3   5 26 23 22 21 18 
   5   3   4 30 24 17 16 
   8   4   3 26 18 17 
   3   3   6 31 30 29 25 24 22 
  10   2   4 31 25 24 22 
   8   2   4 29 25 22 21 
   5   7   3 29 25 21 
   9   4   3 29 25 24 
  10   7   3 30 24 21 
  10   4   2 27 24 
   5   6   2 28 27 
   5   4   2 28 27 
   8   4   2 29 27 
   4   1   1 28 
   3  10   1 27 
   3   7   1 27 
   4   4   1 32
  10   5   1 32
   7   1   1 32
   9   4   1 32
   4   3   1 32
   0   0   0 
