
  32    1
  10

   0   0   4 2 3 4 5 
   3   3   4 12 9 7 6 
   1   9   4 12 9 8 7 
   2   9   4 12 10 9 8 
   8   8   1 6 
   4   8   2 10 8 
  10  10   4 20 19 16 10 
   7   6   5 20 19 17 16 13 
   6   3   3 20 19 11 
   1   8   1 11 
   2   8   2 17 13 
   6   7   4 20 18 17 14 
   1   6   3 18 15 14 
   5   7   4 26 25 23 21 
   1   3   4 26 23 22 21 
   2   3   3 26 21 18 
   4   8   3 25 22 21 
   4   9   3 31 25 24 
   7   3   3 31 26 24 
   7   2   4 31 30 29 26 
   3   5   2 31 24 
   5   2   1 24 
   7   8   1 24 
   3  10   3 30 29 27 
   9   6   2 29 27 
   2   3   1 27 
   5   4   1 28 
   8   6   1 32
   1   3   1 32
   9   8   1 32
   6   5   1 32
   0   0   0 
