
  32    1
  10

   0   0   1 2 
   1   1   3 6 5 3 
   1   1   3 10 8 4 
   5   1   3 11 9 7 
   7   3   3 16 11 9 
  10   3   3 16 13 12 
   7   2   5 20 17 16 14 13 
  10   2   2 13 12 
   2   1   2 19 12 
   6   2   2 19 12 
   4   3   1 12 
   4   2   4 20 17 15 14 
   1   1   3 22 19 15 
   3   4   4 31 23 22 21 
   4   3   2 23 18 
   5   2   6 31 27 26 24 23 22 
   7   1   5 27 26 24 23 22 
   6   1   2 31 21 
   5   3   2 31 21 
   4   2   1 21 
   6   2   5 30 27 26 25 24 
   2   1   3 30 29 25 
   1   2   2 29 25 
   3   2   2 29 28 
   1   3   1 28 
   2   2   1 29 
   2   1   1 28 
   6   2   1 32
   5   1   1 32
   9   4   1 32
   9   2   1 32
   0   0   0 
