
  32    1
  10

   0   0   5 2 3 4 5 9 
   3   2   3 11 7 6 
   7  10   3 13 11 7 
   4   7   3 13 11 7 
   4   9   3 13 11 7 
   1   8   3 15 13 10 
   4   7   2 10 8 
   8  10   5 20 19 17 15 14 
   2   8   5 20 17 15 14 13 
   3   6   4 19 17 14 12 
  10   8   4 20 19 18 14 
   4  10   4 21 20 18 16 
   3  10   3 21 18 16 
   5  10   2 21 16 
   8   4   2 18 16 
   7   4   3 24 23 22 
   2  10   3 27 22 21 
   6   9   3 27 25 23 
   5   8   3 27 25 23 
   5  10   2 31 22 
   1  10   3 31 29 25 
  10  10   2 29 25 
   4   7   3 31 30 26 
   4   7   3 31 28 27 
   9  10   2 30 26 
  10   9   1 28 
  10   5   1 29 
   4  10   1 32
   8   9   1 32
   3   3   1 32
   1  10   1 32
   0   0   0 
