
  32    1
  10

   0   0   6 2 3 4 6 7 8 
   7   1   5 18 11 10 9 5 
   8   2   7 23 20 18 17 16 12 10 
   4   4   8 31 24 23 18 17 16 15 12 
   3   3   7 31 24 23 22 20 16 12 
   5   1   8 31 30 24 23 20 15 14 13 
   7   2   3 18 13 9 
   6   2   5 31 23 17 15 13 
   7   2   6 29 24 23 22 20 14 
   7   2   4 31 24 15 13 
   6   2   4 30 23 15 13 
   2   2   3 30 14 13 
   6   3   4 29 28 21 19 
   3   2   3 28 21 19 
   7   2   3 29 22 19 
   4   1   3 30 21 19 
   7   2   5 30 29 28 26 25 
   7   1   4 30 27 26 21 
   5   2   3 27 26 25 
   3   1   3 28 26 25 
   1   1   1 25 
  10   1   1 26 
   8   3   1 25 
   4   2   1 27 
   2   1   1 32
   2   2   1 32
   8   3   1 32
   9   2   1 32
   3   2   1 32
   2   5   1 32
   3   1   1 32
   0   0   0 
