
  32    1
  10

   0   0   4 2 3 4 5 
   3   4   3 8 7 6 
   5   8   2 8 6 
   2  10   2 9 8 
   2  10   5 15 14 13 11 10 
   3  10   5 17 15 14 13 11 
   8   5   3 15 14 10 
   7  10   5 20 17 15 14 12 
   8   8   2 11 10 
   7  10   3 20 17 12 
   3  10   1 12 
   9  10   3 19 18 16 
   3   9   3 20 18 16 
   9   8   4 22 21 19 18 
   6   7   3 22 21 18 
   2   8   4 25 23 22 21 
   7   8   4 25 23 22 21 
   6  10   3 25 24 23 
   4   7   3 31 24 23 
   9   9   2 25 21 
   9   4   3 30 26 24 
   4   4   3 31 26 24 
   1   9   3 30 27 26 
   6   7   3 29 28 27 
   6   6   3 30 29 27 
   7  10   1 28 
   5   9   1 32
   9   9   1 32
   9   7   1 32
   2  10   1 32
   6   4   1 32
   0   0   0 
