
  32    1
  10

   0   0   7 2 3 4 5 6 7 10 
   4   1   8 21 18 17 13 12 11 9 8 
   4   3   6 21 18 17 11 9 8 
   4   1   5 18 17 12 9 8 
   6   2   5 18 17 12 11 8 
   5   1   4 17 12 11 8 
   9   1   7 24 23 20 19 17 15 14 
   6   3   4 24 23 19 14 
   9   1   5 29 24 23 20 15 
   7   2   5 30 24 23 20 19 
   3   1   5 29 26 23 20 15 
   6   4   3 29 16 15 
   9   1   6 31 30 27 26 25 19 
   8   3   3 31 30 16 
   6   2   4 30 28 27 22 
  10   4   4 28 27 26 22 
   5   1   4 29 28 26 22 
   1   2   4 30 29 27 26 
   8   3   2 29 28 
   6   3   1 22 
   6   1   1 22 
   6   1   1 25 
  10   3   1 27 
   2   3   1 26 
   1   2   1 32
   6   2   1 32
   9   2   1 32
   6   2   1 32
  10   2   1 32
   5   1   1 32
  10   2   1 32
   0   0   0 
