
  32    1
  10

   0   0   2 2 5 
   8   1   3 6 4 3 
   3   7   5 16 14 10 9 8 
   2   6   3 9 8 7 
   6   7   1 6 
   9   7   5 14 13 12 10 9 
   3   9   4 14 13 12 11 
   6   6   3 18 13 12 
   5   6   2 18 11 
   4   4   2 17 15 
   5   4   4 22 21 19 17 
   7   7   2 20 15 
   6   7   3 22 19 17 
   2   8   2 21 18 
   6   5   3 22 21 19 
   5   5   2 22 18 
   6   6   3 29 23 20 
   8   2   2 20 19 
   4   6   5 28 26 25 24 23 
   1  10   4 28 26 25 24 
   8   8   4 29 25 24 23 
   5   8   1 23 
   2   5   2 31 27 
   6   6   2 31 27 
   1   6   2 31 30 
  10   4   2 31 30 
   4   5   1 30 
   7   8   1 31 
   5   7   1 30 
   1   4   1 32
   4   6   1 32
   0   0   0 
