
  32    1
  10

   0   0   6 2 3 4 5 6 8 
   9   4   4 19 15 10 7 
   2  10   4 19 18 10 9 
   7   7   4 18 17 11 9 
   6   6   6 31 21 19 17 16 13 
  10  10   6 31 30 18 17 16 15 
  10  10   4 31 30 18 12 
   4  10   6 31 29 27 21 19 16 
  10  10   3 27 21 14 
  10  10   4 31 30 17 16 
   8  10   3 30 16 15 
   7   7   5 29 27 24 21 16 
   9   8   9 30 29 28 27 26 25 24 22 20 
   2  10   4 30 29 24 16 
   6   5   7 29 27 26 25 24 22 20 
  10   8   5 28 26 25 22 20 
   8   8   5 27 26 24 22 20 
   4   8   5 27 25 24 23 21 
   6   8   3 24 22 20 
   6   8   1 23 
   4   8   1 22 
   2   8   1 32
   4   8   1 32
   5   7   1 32
   2   5   1 32
   3   5   1 32
   4   7   1 32
   9   7   1 32
   6   8   1 32
   6  10   1 32
   4  10   1 32
   0   0   0 
