
  32    1
  10

   0   0   4 2 4 5 6 
   8   2   1 3 
   3   6   5 12 11 10 9 8 
   7   7   5 12 11 10 9 8 
   2   6   2 9 7 
   7   9   2 9 7 
   7   6   5 17 16 15 12 11 
   7   5   4 17 15 14 13 
   3   5   3 16 15 14 
   6   8   3 16 15 14 
   4   4   2 18 14 
   4  10   1 13 
   1   5   4 24 23 22 18 
  10   4   7 25 24 23 22 21 20 19 
   6   4   3 24 22 18 
   7   8   3 24 22 18 
   8   6   5 25 24 23 20 19 
   4   2   5 31 25 21 20 19 
   5  10   3 28 27 26 
   5   5   3 28 27 26 
   7   3   3 30 28 27 
   6   7   3 31 30 29 
   5   7   3 31 30 29 
   7   6   2 30 27 
   7  10   1 26 
   4   3   2 30 29 
   1   2   1 29 
   7   8   1 29 
   9   6   1 32
   9   6   1 32
   4  10   1 32
   0   0   0 
