
  32    1
  10

   0   0   9 2 3 4 6 7 8 9 12 13 
   8   5   4 20 19 11 5 
   8   6   6 19 16 15 14 11 10 
   1   9   5 20 19 17 15 10 
   8  10   4 17 16 15 10 
   2   8   5 22 18 17 15 14 
   3   7   4 21 17 14 10 
  10   6   7 31 30 24 22 21 18 17 
   3   9   4 31 22 18 15 
   1  10   7 31 30 26 24 23 22 18 
   6  10   5 31 24 22 21 17 
   3   7   2 22 15 
  10  10   5 31 30 23 22 21 
   9   7   6 31 30 29 26 24 23 
   1   9   5 30 28 24 23 21 
   6   8   5 29 28 24 23 21 
   5   6   4 29 28 26 23 
   8   8   4 29 28 27 25 
   5   7   3 26 25 23 
   9   8   2 26 24 
   3  10   2 26 25 
   7   5   2 29 28 
   6   8   1 27 
   8  10   1 25 
   8   9   1 32
   8   7   1 32
   4   6   1 32
   4   7   1 32
  10  10   1 32
   5   9   1 32
   9   9   1 32
   0   0   0 
