
  32    1
  10

   0   0  10 2 3 4 5 6 8 9 10 14 15 
   5   1   8 31 30 28 26 19 18 17 7 
   1   1   8 30 29 20 18 17 16 13 12 
   9   1   6 30 28 24 18 16 11 
   7   5   5 29 18 17 12 11 
  10   2   4 30 24 16 11 
   3   2   5 29 27 24 23 16 
   9   3   5 29 27 24 21 17 
   5   1   5 28 25 24 22 17 
   5   1   4 27 26 23 19 
   1   2   4 27 26 23 22 
   2   1   3 25 24 23 
   3   3   3 28 25 24 
   8   3   3 25 24 22 
  10   2   3 24 23 22 
   9   2   2 25 22 
   4   1   1 23 
  10   2   1 23 
   7   1   1 22 
   2   1   1 26 
   3   1   1 22 
  10   2   1 32
   5   2   1 32
  10   3   1 32
   3   2   1 32
   2   3   1 32
   8   3   1 32
   8   2   1 32
   4   1   1 32
   8   3   1 32
  10   3   1 32
   0   0   0 
