
  32    1
  10

   0   0   5 2 3 4 5 7 
   7   1   4 12 9 8 6 
  10   1   3 12 8 6 
   5   2   5 14 12 11 10 8 
   4   3   3 10 9 8 
   2   1   3 14 11 10 
   6   2   4 17 16 14 13 
   7   2   3 17 16 13 
   7   3   3 18 16 14 
   2   4   3 18 16 15 
   2   1   3 20 18 13 
  10   2   3 18 16 15 
   6   2   1 15 
   8   2   1 15 
   8   4   2 23 19 
   9   1   2 21 20 
   1   3   1 18 
   3   2   3 31 23 21 
   7   2   2 31 21 
   1   3   4 31 25 23 22 
   7   2   3 25 24 22 
   5   1   4 30 29 28 27 
   8   1   3 28 27 26 
   9   4   2 27 26 
   6   2   1 26 
   1   1   1 32
   1   2   1 32
   2   2   1 32
   8   1   1 32
  10   2   1 32
   7   1   1 32
   0   0   0 
