
  32    1
  10

   0   0   6 2 3 5 6 7 9 
   2   1   3 15 8 4 
   3   1   4 20 17 10 8 
   9   2   5 31 14 13 12 11 
   8   1   5 31 30 20 14 12 
  10   2   4 30 20 16 10 
   6   3   4 30 17 16 10 
   4   2   6 31 30 29 18 16 13 
   4   1   5 30 20 16 14 13 
   2   2   4 31 29 24 14 
   2   1   6 30 28 26 24 19 18 
   5   2   5 29 28 25 24 16 
   6   3   7 28 27 26 25 24 21 19 
   5   2   5 28 26 25 19 18 
  10   2   5 29 25 23 20 18 
   5   1   3 26 21 19 
   1   1   4 25 23 22 21 
   5   3   3 27 22 21 
   8   3   2 23 22 
   5   2   2 24 21 
  10   1   1 32
   2   4   1 32
   5   2   1 32
   1   1   1 32
   9   3   1 32
   1   3   1 32
   9   2   1 32
   7   2   1 32
   1   3   1 32
   1   2   1 32
   8   2   1 32
   0   0   0 
