
  32    1
  10

   0   0  14 2 3 4 5 6 7 8 10 11 12 13 14 15 19 
   1   1   7 30 29 28 26 24 23 9 
   4   2   6 29 28 26 23 18 9 
   6   3   6 30 29 28 26 18 9 
   4   2   7 30 28 26 24 23 17 16 
   1   2   3 26 23 9 
   3   2   7 31 30 29 24 22 21 20 
   1   4   7 28 27 26 25 23 21 20 
   6   3   5 27 25 22 21 17 
   2   1   5 29 25 23 21 17 
   1   2   5 25 23 22 21 20 
   2   1   4 30 29 26 23 
   2   1   4 28 23 22 20 
   9   3   3 27 24 23 
   5   3   3 24 22 20 
   2   2   2 22 21 
   5   3   1 20 
   4   2   1 24 
   1   3   1 21 
   4   2   1 32
   3   2   1 32
   2   1   1 32
   1   2   1 32
   7   1   1 32
   1   5   1 32
   7   1   1 32
   9   1   1 32
  10   2   1 32
   4   1   1 32
   6   1   1 32
   2   1   1 32
   0   0   0 
