
  32    1
  10

   0   0   4 2 3 4 11 
   7   1   5 13 12 10 8 7 
   1   2   2 8 6 
   7   2   2 10 5 
   8   1   3 13 12 7 
   4   1   3 13 12 7 
   6   4   1 9 
   5   1   1 9 
  10   1   3 17 15 14 
   1   3   3 17 16 14 
   2   2   2 13 12 
   9   2   3 21 18 16 
   8   3   3 22 21 16 
  10   2   3 26 25 18 
   6   2   1 16 
  10   1   4 26 24 20 19 
   4   2   4 26 22 21 19 
   7   1   3 24 22 20 
   5   4   3 28 25 23 
   2   1   2 28 23 
   3   4   2 28 25 
   5   1   1 23 
   1   3   2 29 27 
   8   4   2 31 30 
   5   1   1 27 
   8   1   1 28 
   9   1   1 31 
   5   2   1 30 
   4   3   1 30 
   9   1   1 32
   3   3   1 32
   0   0   0 
