
  32    1
  10

   0   0   3 2 4 5 
   2   2   2 7 3 
   7   8   4 12 10 8 6 
   8   4   4 12 11 9 8 
   6  10   2 12 6 
   9  10   2 11 9 
   3   7   2 11 8 
   4  10   5 20 19 15 14 13 
   9   7   6 20 19 18 16 15 14 
   6   8   6 19 18 17 16 15 14 
   2   5   3 20 19 13 
   3   9   3 20 15 13 
  10   9   3 18 17 16 
   9   7   5 26 24 23 22 21 
   4   9   4 26 24 22 21 
   9  10   5 28 26 24 23 22 
   7   8   5 28 26 24 23 22 
   9   7   3 23 22 21 
   6   7   2 22 21 
  10  10   3 28 25 22 
  10   8   3 31 28 25 
   2   9   3 31 30 27 
   6  10   3 31 30 27 
   2   6   3 31 30 29 
   4  10   2 30 29 
   7   7   2 30 29 
   6  10   1 29 
   5  10   1 29 
   2   9   1 32
  10   5   1 32
   2   9   1 32
   0   0   0 
