
  32    1
  10

   0   0   7 2 3 4 5 6 8 24 
   3   1   6 30 18 17 14 9 7 
   8   2   7 29 28 22 20 17 13 11 
   3   2   7 28 22 19 16 15 14 10 
   3   2   6 28 21 20 19 16 10 
   9   3   7 30 28 27 20 17 16 12 
   6   1   6 31 29 28 27 25 23 
  10   3   6 30 29 28 27 25 16 
   5   4   4 29 27 26 19 
   3   2   3 27 18 17 
   1   3   3 27 21 16 
  10   1   3 29 26 25 
   7   1   2 27 18 
   5   1   2 26 25 
   1   1   2 27 25 
   3   3   1 26 
   5   2   1 25 
   6   3   1 26 
  10   3   1 25 
   2   2   1 25 
   1   2   1 25 
   6   2   1 25 
   8   2   1 26 
   5   2   1 25 
   9   2   1 32
   9   1   1 32
   1   2   1 32
   4   2   1 32
   8   1   1 32
   8   2   1 32
   4   2   1 32
   0   0   0 
