
  32    1
  10

   0   0   4 2 4 5 8 
   7   3   2 10 3 
   8   7   2 7 6 
   1   8   3 11 10 9 
   2   7   2 10 9 
   1   6   3 14 12 11 
   1  10   1 9 
   2  10   1 9 
   4   8   4 15 14 13 12 
  10  10   4 15 14 13 12 
   5   5   4 18 17 15 13 
   7  10   4 19 18 17 16 
   9   6   3 22 21 16 
   5   8   4 23 22 21 20 
  10   6   3 28 20 19 
   4   6   3 28 23 20 
   6   7   4 27 24 23 22 
   8  10   5 29 28 27 25 24 
   1  10   3 27 24 23 
   5  10   3 29 27 24 
   9  10   3 28 27 25 
   8   9   3 30 28 25 
   2   6   2 26 25 
   4  10   1 26 
   8  10   1 31 
   2   7   1 30 
   6   9   1 30 
   6   9   1 31 
   7   7   1 30 
   6   9   1 32
   3   7   1 32
   0   0   0 
