
  32    1
  10

   0   0   6 2 3 4 5 8 13 
   4   1   5 17 16 11 9 6 
   5   1   5 19 17 16 9 7 
   6   3   3 18 15 6 
   9   1   6 24 20 19 17 16 15 
   6   4   4 24 19 12 10 
   5   6   6 24 23 21 20 15 14 
   3   2   6 24 23 22 21 20 15 
  10   1   2 24 10 
   4   1   6 31 30 23 22 21 20 
   8   4   4 31 22 20 18 
   9   5   5 31 30 23 21 20 
   6   2   7 31 29 28 27 26 24 23 
  10   2   5 31 29 28 27 22 
   1   1   6 31 30 29 28 27 25 
   9   1   4 31 30 23 22 
   6   1   4 29 28 26 21 
   6   2   4 30 29 26 21 
   3   2   3 28 23 21 
   5   4   4 29 28 26 25 
   5   2   2 27 25 
   4   1   2 26 25 
   1   2   1 25 
   6   1   1 30 
   3   1   1 32
   4   1   1 32
   7   1   1 32
   2   2   1 32
   4   1   1 32
   8   1   1 32
   3   3   1 32
   0   0   0 
