
  32    1
  10

   0   0   8 2 3 4 5 6 7 9 11 
  10   4  10 30 29 26 21 20 19 18 16 13 10 
   6   6   9 30 28 26 19 18 16 15 13 12 
   9   4   8 28 26 20 19 18 17 15 14 
   1   8   4 31 29 17 8 
  10  10   2 29 8 
   7  10   5 31 28 23 17 12 
   1   8   5 26 25 24 16 15 
   3   9   5 27 26 25 22 16 
   4  10   4 28 27 17 15 
   9   8   3 25 23 15 
   4  10   3 27 24 22 
   3  10   2 23 22 
   5   8   2 24 22 
   8   7   1 22 
   4   9   1 23 
   6   9   1 22 
   2   7   1 25 
   5   6   1 24 
   9  10   1 23 
   8   4   1 23 
   3   9   1 32
   4   9   1 32
   1   8   1 32
   1  10   1 32
   5  10   1 32
   3   7   1 32
   2  10   1 32
   9   7   1 32
   3   7   1 32
   4   6   1 32
   0   0   0 
