
  32    1
  10

   0   0  10 2 3 4 5 6 7 8 10 11 12 
   9   2  11 31 30 26 20 19 18 17 16 14 13 9 
   1   8   7 29 27 26 25 21 18 15 
   7   8   7 31 30 29 26 25 15 14 
   5   7   6 27 26 18 17 15 13 
   1   4   7 30 28 27 25 22 17 15 
   6  10   7 31 28 27 26 25 17 15 
   7   7   6 30 29 28 26 16 15 
   8   8   3 27 25 15 
   9  10   4 30 26 24 23 
  10  10   3 25 24 17 
   5   6   2 26 15 
   5  10   3 29 24 23 
   6  10   3 27 24 23 
   4   7   2 24 23 
  10  10   2 25 23 
   6  10   1 23 
   9   9   1 28 
   5   4   1 28 
   6  10   1 24 
   3   5   1 24 
   3  10   1 23 
   6   5   1 32
   1  10   1 32
   1  10   1 32
   9   9   1 32
  10   5   1 32
   2   9   1 32
   4   7   1 32
   8  10   1 32
   1  10   1 32
   0   0   0 
