
  32    1
  10

   0   0   3 2 3 4 
   5   1   3 12 11 5 
   4   1   2 8 6 
   2   3   2 12 7 
   3   3   2 10 8 
   1   2   4 15 13 12 11 
   9   1   1 8 
   4   2   1 9 
   9   3   4 18 15 14 13 
   1   2   4 18 16 15 14 
   1   3   3 18 17 14 
   5   2   5 22 20 19 18 17 
   9   2   4 20 19 17 16 
   2   1   5 23 22 21 20 19 
   6   4   2 20 17 
   5   2   5 27 25 24 23 21 
  10   2   4 27 25 24 21 
   8   2   3 27 25 24 
   5   2   3 27 26 25 
   2   1   3 31 28 27 
   6   2   2 31 26 
   2   2   2 28 25 
   1   1   3 31 30 28 
  10   1   1 26 
   3   2   3 31 30 29 
   3   1   2 30 28 
   5   2   2 30 29 
   1   2   1 29 
   7   4   1 32
   5   2   1 32
   2   2   1 32
   0   0   0 
