
  32    1
  10

   0   0   7 2 3 4 5 6 9 10 
  10   1   7 25 20 18 14 13 12 11 
   6   5   3 20 8 7 
  10   5   4 20 18 17 8 
   7   4   8 31 25 21 20 19 17 16 15 
   5   3   7 25 21 20 19 18 17 15 
   6   4   6 25 19 18 17 16 15 
   7   5   5 25 21 19 16 15 
   2   3   4 30 18 17 15 
  10   3   5 31 25 24 21 17 
   3   5   4 30 24 21 17 
   5   4   3 30 16 15 
   8   2   3 21 17 16 
   1   8   3 30 21 17 
   4   5   4 29 24 23 22 
   2   5   3 29 24 22 
   1   3   4 29 28 26 23 
   4   2   4 31 28 27 26 
   6   3   3 30 26 23 
   5   2   2 30 22 
  10   3   1 22 
   2   3   2 27 26 
  10   3   1 27 
   7   3   1 28 
   8   5   1 26 
   3   7   1 32
   3   4   1 32
   5   9   1 32
   8   2   1 32
   4   4   1 32
   8   5   1 32
   0   0   0 
