
  32    1
  10

   0   0   4 2 3 4 8 
   3   3   3 15 7 5 
   5   8   4 11 10 9 7 
   7  10   3 15 10 7 
   4   9   2 9 6 
   5   7   3 16 13 10 
   9   8   3 16 13 12 
   7  10   3 16 13 12 
   9   7   2 13 12 
  10   7   4 19 18 17 14 
   1   6   2 18 12 
   3   5   2 19 14 
   8  10   3 25 19 18 
  10   5   4 25 24 22 20 
   1   9   2 20 19 
   4  10   3 24 22 20 
   3  10   3 24 22 21 
   7   3   2 24 21 
   6   7   2 24 22 
   2  10   1 21 
   6   7   2 27 23 
   1  10   3 28 27 26 
   7   9   2 28 26 
   1   8   2 28 26 
   8  10   2 28 26 
   6  10   2 31 30 
   9  10   2 30 29 
  10  10   1 29 
   9   6   1 32
   1   6   1 32
   6  10   1 32
   0   0   0 
