
  32    1
  10

   0   0   5 2 3 6 7 10 
   8   1   4 11 9 5 4 
  10   4   2 5 4 
   1   4   2 12 8 
   1   4   2 12 8 
   6   7   2 12 8 
   6   4   2 12 8 
   3   4   5 17 16 15 14 13 
   6   7   4 16 14 13 12 
   5   4   3 15 14 13 
   7   6   3 20 17 15 
  10   3   2 20 15 
   9   2   3 21 20 18 
   1   6   3 21 19 18 
   4   6   2 21 18 
   1   7   2 21 18 
   6   4   2 22 19 
   1   1   4 27 26 23 22 
   7   4   4 27 26 24 23 
   6   4   3 26 24 23 
   2   4   4 30 29 26 24 
   9   4   2 30 24 
   4   4   3 30 29 28 
   5   4   2 31 25 
   9   3   1 28 
   2   1   1 28 
   9   4   1 29 
   1   2   1 32
   4   2   1 32
   7   5   1 32
   8   5   1 32
   0   0   0 
