
  32    1
  10

   0   0   4 2 3 6 8 
   4   1   2 5 4 
   1   4   1 4 
   6  10   3 13 10 7 
   8   3   3 13 10 7 
   2   4   3 13 10 7 
   9   2   3 16 11 9 
   7   4   3 16 10 9 
   7   7   2 18 14 
   8   4   2 18 14 
  10   5   1 12 
   4   4   4 20 18 17 15 
   3   4   4 20 18 17 16 
   2   2   3 20 17 15 
   6   5   5 25 24 22 21 19 
   8   4   4 25 22 21 19 
   2   5   4 30 28 24 21 
   6   4   6 31 30 28 26 25 24 
   5   1   5 31 30 28 27 23 
   7   3   5 30 28 26 25 24 
   2   4   2 31 23 
  10   5   2 28 23 
   6   3   2 29 26 
   4   1   1 27 
   5   3   1 27 
   7   4   1 32
   6   7   1 32
  10   4   1 32
   8   2   1 32
  10   6   1 32
   9   5   1 32
   0   0   0 
