
  32    1
  10

   0   0  10 2 3 4 5 7 8 9 11 12 15 
   5   1   7 30 27 22 17 14 13 6 
   3   6  13 31 30 29 27 26 25 24 23 22 21 20 19 16 
   6   6   7 28 22 17 16 14 13 10 
   5   8   9 31 29 28 27 26 25 21 19 18 
   9   3   8 26 25 24 23 21 20 19 16 
   2   4   8 31 28 25 24 22 21 19 16 
   4   6   8 30 28 25 23 22 20 19 18 
  10   7   7 29 24 23 22 21 20 19 
   4   4   6 26 23 21 20 19 18 
   6   2   5 27 24 23 22 16 
   2   7   3 24 22 20 
   3   7   2 20 18 
   6   6   2 19 18 
   7   7   2 21 20 
  10   7   1 18 
   6   4   1 19 
   9   9   1 32
   5   4   1 32
   5   7   1 32
  10   9   1 32
   5   8   1 32
  10   4   1 32
  10   9   1 32
   4   6   1 32
   5   7   1 32
   9   7   1 32
   1   8   1 32
   4   7   1 32
   2   9   1 32
   6   1   1 32
   0   0   0 
