
  32    1
  10

   0   0   3 2 3 4 
   5   1   3 11 7 6 
  10   5   1 5 
   4   3   1 5 
   2   5   3 12 11 7 
   3   4   3 10 9 8 
   4   4   3 20 13 10 
   9   6   4 20 19 14 12 
   9   4   3 14 13 12 
   3   2   6 19 18 17 16 15 14 
   3   3   5 19 18 17 16 14 
   5   4   5 22 18 17 16 15 
  10   6   3 21 19 16 
   9   5   3 24 22 21 
   1   7   3 24 23 21 
   4   2   4 26 25 24 23 
  10   4   2 23 21 
   7   6   4 28 26 25 24 
   2   4   2 31 22 
   2   3   3 26 25 23 
   4   3   3 31 26 25 
  10   6   2 26 23 
   9   1   2 28 27 
  10   2   3 31 30 29 
  10   3   2 30 29 
   9   2   1 27 
   3   3   1 29 
   8   5   1 30 
   3   5   1 32
   4   5   1 32
   7   7   1 32
   0   0   0 
