
  32    1
  10

   0   0   5 2 3 4 5 6 
   5   1   4 11 9 8 7 
   4   4   3 11 9 8 
   4   2   3 15 9 8 
  10   1   3 12 11 8 
   9   1   3 15 12 8 
   5   2   5 17 15 14 13 10 
   7   1   3 14 13 10 
   4   2   3 14 13 12 
   8   1   4 20 19 18 16 
   6   2   3 20 15 13 
   5   1   4 25 19 18 17 
   5   1   4 25 23 22 19 
   1   2   4 25 23 22 19 
   3   2   3 25 22 19 
   7   1   5 28 25 24 23 22 
  10   3   4 24 23 22 21 
   6   2   4 28 24 23 22 
   3   2   2 24 21 
   6   1   2 24 21 
  10   3   3 28 27 26 
   5   2   2 27 26 
   4   2   2 27 26 
   9   1   2 31 26 
   8   3   2 31 26 
   1   1   2 30 29 
   5   4   2 31 29 
   5   4   2 30 29 
   9   4   1 32
   4   2   1 32
   5   2   1 32
   0   0   0 
