
  32    1
  10

   0   0   7 2 3 4 5 7 8 11 
   6   1   5 20 18 12 10 6 
   8   2   8 25 24 20 18 16 15 14 13 
   9   6   3 21 16 9 
  10   1   4 21 18 16 10 
   3   1   6 31 25 24 16 14 13 
   6   1   6 31 25 24 21 20 13 
   7   2   5 25 24 20 18 13 
   4   2   4 25 18 13 12 
   4   3   3 31 25 13 
   6   2   5 30 29 28 24 17 
   2   2   7 31 30 29 28 27 24 22 
  10   2   4 30 29 28 17 
   3   1   4 30 29 28 19 
   9   2   3 29 28 17 
   2   2   3 28 27 22 
   3   3   1 19 
   5   1   4 31 29 28 27 
   5   1   2 27 22 
  10   1   3 29 27 26 
   4   2   2 28 23 
   3   1   1 23 
   5   3   1 26 
   8   2   1 26 
   8   5   1 26 
   5   2   1 32
   4   1   1 32
   4   4   1 32
   4   1   1 32
   9   2   1 32
   6   1   1 32
   0   0   0 
