
  32    1
  10

   0   0   5 2 3 4 6 8 
   6   1   3 14 7 5 
   3   4   4 14 13 10 7 
   3   6   2 7 5 
   1   5   5 18 13 11 10 9 
   9   3   5 18 13 11 10 9 
  10   3   3 18 11 9 
   7   5   4 18 16 13 10 
   7   1   2 15 12 
  10   4   1 12 
   3   2   1 12 
   8   4   3 20 19 17 
   5   3   3 20 19 17 
   1   4   4 25 24 21 20 
   6   7   1 16 
   4   5   3 24 21 20 
   1   4   4 25 24 23 21 
   7   5   4 24 23 22 21 
   4   5   3 24 23 22 
   1   4   2 23 22 
   5   5   3 31 29 26 
   5   4   4 31 30 29 28 
   2   8   2 29 26 
  10   4   2 29 26 
  10   2   2 30 27 
  10   4   1 27 
   3   3   1 28 
   8   2   1 32
   8   4   1 32
   6   5   1 32
   5   4   1 32
   0   0   0 
