
  32    1
  10

   0   0   4 2 3 7 10 
   6   1   3 14 5 4 
   1   3   6 19 17 13 11 9 8 
   5   6   2 13 6 
   1   5   3 17 12 11 
   3   6   4 31 30 19 9 
   1   6   6 31 30 29 25 24 15 
  10   6   5 30 29 25 24 14 
   8   5   4 29 25 16 15 
   1   3   6 31 29 25 21 20 18 
   8  10   5 30 24 21 20 18 
  10   7   5 31 30 29 25 16 
   8   6   4 30 21 20 18 
   1   7   4 31 27 21 18 
   8   3   3 27 21 18 
   7   7   3 27 24 23 
  10   7   3 29 28 23 
   4   5   2 28 22 
   5   6   2 28 21 
  10   5   2 27 23 
   4   9   1 23 
   1   6   1 23 
   5   7   1 26 
   5   4   1 26 
   8   7   1 26 
   5   6   1 32
   3   6   1 32
   5   7   1 32
   9  10   1 32
   4   5   1 32
   1   9   1 32
   0   0   0 
