
  32    1
  10

   0   0  10 2 3 4 5 6 7 8 9 10 12 
   8   1   7 28 22 20 16 15 14 11 
   6   4   7 28 22 20 19 17 15 13 
   7   6   7 28 27 20 19 18 16 14 
   3   5   5 22 19 17 15 11 
   5   4   7 28 27 22 20 19 18 16 
  10   4   6 28 24 20 19 14 13 
   2   2   6 22 21 20 19 17 13 
   8   2   5 22 19 17 14 13 
   3   5   5 24 23 21 19 13 
   2   4   3 24 21 13 
   2   5   3 21 20 19 
   6   4   3 27 25 18 
   8   4   3 31 23 21 
   9   7   2 21 18 
  10   2   2 31 17 
   9   2   2 24 23 
   6   5   3 31 30 26 
   7   8   3 31 26 25 
   4   3   3 30 26 25 
   3   5   2 26 25 
   6   3   2 30 25 
   6   5   2 30 29 
   8   6   1 25 
   9   4   1 29 
  10   4   1 29 
   3   2   1 29 
   6   4   1 29 
   7   1   1 32
   4   4   1 32
   8   5   1 32
   0   0   0 
