
  32    1
  10

   0   0  13 2 3 4 5 6 7 8 9 10 12 15 16 23 
   8   3   8 27 22 21 20 19 18 17 13 
   7   6   7 30 27 22 21 19 17 13 
   5  10   5 31 30 25 22 11 
   6  10   5 28 27 21 18 17 
   9   5   5 30 27 21 18 17 
   3   7   5 29 21 18 17 14 
   6   6   5 30 27 25 21 17 
   7  10   5 31 28 27 26 21 
   6   4   4 30 28 26 21 
   3  10   4 29 27 26 24 
   2   8   2 27 18 
   1   9   3 29 25 24 
   4  10   3 26 25 24 
   3  10   3 31 27 25 
   5   9   3 29 28 25 
   8  10   2 26 24 
   4   9   2 25 24 
   5   9   2 25 24 
   3   8   2 25 24 
   8  10   1 24 
   1   8   1 28 
   6   6   1 26 
   1   9   1 32
   9   4   1 32
   6  10   1 32
   6   5   1 32
   9   9   1 32
   6   6   1 32
   9  10   1 32
   6  10   1 32
   0   0   0 
