
  32    1
  10

   0   0  10 2 3 4 5 6 7 8 9 11 13 
   4   1   8 31 29 25 24 18 15 14 12 
   6   3   9 31 30 29 21 20 18 17 16 10 
   8   1   9 31 30 29 28 27 25 22 21 17 
  10   2   9 30 28 27 26 25 24 23 22 21 
   9   1   7 28 25 24 23 22 21 18 
   4   3   7 31 29 27 26 25 24 21 
   9   1   7 29 28 27 26 24 23 21 
   6   2   6 29 28 25 24 22 21 
   8   2   4 26 25 24 15 
  10   3   4 28 25 22 21 
  10   3   3 30 27 17 
  10   1   3 23 22 21 
   9   3   2 28 19 
  10   5   2 27 22 
   6   2   2 26 24 
   5   1   1 23 
   7   1   1 26 
   1   3   1 21 
   1   3   1 23 
   3   1   1 32
   6   1   1 32
   3   1   1 32
   6   1   1 32
   9   1   1 32
   3   3   1 32
   4   1   1 32
   2   2   1 32
   6   2   1 32
   9   1   1 32
   4   5   1 32
   0   0   0 
