
  32    1
  10

   0   0   9 2 3 4 5 6 7 8 13 14 
  10   1   5 17 15 12 10 9 
   1   7   5 19 17 16 15 12 
   1   3   4 18 17 16 9 
   1   8   3 17 16 9 
   4   6   3 23 20 11 
   4   7   3 19 17 12 
   4   6   3 18 15 12 
   8   8   6 31 30 23 21 20 19 
   4   9   6 31 30 23 21 20 19 
   1   4   4 30 19 18 17 
   7   4   5 31 30 23 21 20 
   6   4   4 29 26 22 21 
   4   5   3 31 27 16 
   8   7   6 31 30 29 26 24 21 
   5   5   3 30 29 20 
   5   7   6 31 29 27 26 25 24 
   8   9   3 29 24 21 
   5   8   5 29 27 26 25 24 
   1   6   4 28 26 25 24 
   3   3   3 28 27 25 
   1   7   2 30 23 
   3   6   1 24 
   6   7   1 32
   4   8   1 32
   2   8   1 32
   5   3   1 32
   5   7   1 32
   6   7   1 32
   3   7   1 32
   8   3   1 32
   0   0   0 
