
  32    1
  10

   0   0   3 2 3 4 
  10   2   4 10 8 7 6 
   4   3   2 6 5 
   4   8   2 7 5 
   8   6   4 17 13 10 9 
   5  10   4 17 16 13 11 
   9   7   4 17 16 13 11 
  10   6   3 13 11 9 
   7   8   2 16 12 
   6   6   2 16 12 
   5   7   1 12 
   7   3   4 19 18 15 14 
   1   6   5 25 23 22 21 20 
  10   7   4 25 23 22 20 
   7   5   4 24 23 22 20 
   6   4   4 24 23 22 20 
   6   6   4 25 24 22 21 
   3   3   3 23 22 21 
   3  10   2 26 23 
   9   8   3 31 28 27 
   8   8   3 30 28 26 
   3   5   2 27 26 
   9   3   3 31 29 27 
   3   6   2 30 26 
   3   3   3 31 30 29 
   4   9   2 31 29 
   7   8   1 30 
   3   7   1 29 
   8   4   1 32
   8   7   1 32
   6   5   1 32
   0   0   0 
