
  32    1
  10

   0   0   6 2 3 4 5 8 11 
   7   3   6 19 16 13 12 9 6 
   3   9   3 10 9 7 
   3  10   3 14 10 9 
   4   9   6 23 19 16 15 14 13 
   4   6   6 23 22 18 17 15 14 
   3   6   5 23 22 15 14 13 
   5   8   6 31 30 23 18 17 14 
   1  10   5 28 22 18 17 15 
   4  10   4 22 21 18 13 
   9  10   7 30 28 27 23 22 21 18 
   3  10   6 28 27 25 22 21 18 
   4   3   7 31 30 29 28 25 20 17 
   9   8   6 29 28 27 25 21 20 
  10   7   5 30 27 25 24 21 
  10  10   5 30 28 27 25 20 
   6   7   3 27 26 24 
   9  10   2 29 20 
   4   8   2 26 25 
   2   5   1 24 
   2  10   1 26 
   4   5   1 31 
   3   8   1 25 
   6   8   1 32
   7   9   1 32
   4   8   1 32
   6  10   1 32
  10   7   1 32
   1   7   1 32
   5   9   1 32
  10  10   1 32
   0   0   0 
