
  32    1
  10

   0   0   4 2 3 4 9 
   7   2   4 13 10 7 5 
   5   6   5 13 11 10 8 7 
   8   5   4 19 10 7 6 
   9   9   3 19 14 6 
   6   4   3 16 12 11 
   1   6   3 16 15 12 
   1   6   3 19 16 12 
   2   7   2 16 11 
   8   6   3 21 15 14 
  10  10   3 21 18 15 
   9   5   3 21 18 17 
   3   4   3 21 18 17 
   1   5   2 18 17 
   5   8   1 17 
   6   3   1 17 
   5   9   2 22 20 
   9   4   2 22 20 
   5   5   2 22 20 
   8   7   5 29 28 25 24 23 
   9   6   4 28 25 24 23 
   7   8   2 28 27 
   6   4   2 31 27 
   8  10   2 31 27 
   7  10   1 26 
   1   3   1 27 
   6   4   1 30 
  10   6   1 31 
  10   6   1 30 
   4   5   1 32
   1   7   1 32
   0   0   0 
