
  32    1
  10

   0   0   3 2 4 6 
   9   1   3 8 7 3 
   9   4   3 15 12 5 
  10   2   4 15 12 11 9 
   8   3   2 11 9 
   7   2   2 11 9 
   3   4   3 14 11 10 
   3   3   1 9 
   3   2   3 14 13 10 
   4   1   4 19 18 17 16 
   2   2   2 19 13 
   6   1   2 18 13 
   9   2   2 17 16 
   1   4   2 19 16 
   1   2   1 16 
   7   2   5 31 24 22 21 20 
   1   1   3 31 22 20 
   3   2   4 31 30 24 23 
   1   2   2 30 21 
  10   3   3 30 25 23 
  10   2   2 25 23 
   5   1   4 29 28 27 26 
   2   1   3 29 28 27 
   4   1   3 28 27 26 
  10   1   1 26 
  10   3   1 32
   3   1   1 32
   1   1   1 32
   3   2   1 32
   4   3   1 32
  10   1   1 32
   0   0   0 
