
  32    1
  10

   0   0   7 2 3 4 6 7 11 13 
   4   1   7 31 20 18 17 16 10 5 
   2   4   8 30 29 27 21 19 17 16 9 
  10   2   8 31 30 29 28 26 18 15 10 
   9   2   5 30 29 28 25 8 
   4   2   7 27 26 24 23 16 14 12 
   8   2   7 28 27 26 25 24 15 14 
   2   1   4 27 24 15 14 
   3   2   4 26 25 15 14 
   6   1   4 25 24 23 14 
   3   1   3 24 23 22 
   6   3   2 25 22 
   6   2   2 25 23 
   7   2   1 22 
   1   1   1 23 
  10   4   1 22 
   5   1   1 26 
   8   3   1 22 
   5   1   1 25 
   8   1   1 24 
   5   1   1 24 
   1   3   1 32
   8   1   1 32
   2   3   1 32
   3   3   1 32
   8   5   1 32
   7   2   1 32
  10   1   1 32
   3   2   1 32
   7   2   1 32
   9   1   1 32
   0   0   0 
